data/vehicule/camionnete_roue.obj
newmtl Material.009
Opening image: Car_1_Diffuse_White.bmp
v -0 -7.08988 1.24372
v 0 -7.08988 -1.24372
v 1.38317 -6.95365 1.24372
v 1.38317 -6.95365 -1.24372
v 2.71318 -6.55019 1.24372
v 2.71318 -6.55019 -1.24372
v 3.93893 -5.89502 1.24372
v 3.93893 -5.89502 -1.24372
v 5.0133 -5.0133 1.24372
v 5.0133 -5.0133 -1.24372
v 5.89502 -3.93893 1.24372
v 5.89502 -3.93893 -1.24372
v 6.55019 -2.71318 1.24372
v 6.55019 -2.71318 -1.24372
v 6.95365 -1.38317 1.24372
v 6.95365 -1.38317 -1.24372
v 7.08988 -0 1.24372
v 7.08988 -1e-006 -1.24372
v 6.95365 1.38317 1.24372
v 6.95365 1.38317 -1.24372
v 6.55019 2.71318 1.24372
v 6.55019 2.71318 -1.24372
v 5.89502 3.93893 1.24372
v 5.89502 3.93893 -1.24372
v 5.0133 5.0133 1.24372
v 5.0133 5.0133 -1.24372
v 3.93893 5.89502 1.24372
v 3.93893 5.89502 -1.24372
v 2.71318 6.55019 1.24372
v 2.71318 6.55019 -1.24372
v 1.38317 6.95365 1.24372
v 1.38317 6.95365 -1.24372
v -3e-006 7.08988 1.24372
v -2e-006 7.08988 -1.24372
v -1.38317 6.95365 1.24372
v -1.38317 6.95365 -1.24372
v -2.71318 6.55019 1.24372
v -2.71318 6.55019 -1.24372
v -3.93893 5.89502 1.24372
v -3.93893 5.89502 -1.24372
v -5.01331 5.0133 1.24372
v -5.0133 5.0133 -1.24372
v -5.89502 3.93892 1.24372
v -5.89502 3.93892 -1.24372
v -6.5502 2.71317 1.24372
v -6.5502 2.71317 -1.24372
v -6.95365 1.38316 1.24372
v -6.95365 1.38316 -1.24372
v -7.08988 -7e-006 1.24372
v -7.08988 -7e-006 -1.24372
v -6.95365 -1.38317 1.24372
v -6.95365 -1.38317 -1.24372
v -6.55019 -2.71319 1.24372
v -6.55019 -2.71319 -1.24372
v -5.89501 -3.93893 1.24372
v -5.89501 -3.93893 -1.24372
v -5.0133 -5.01331 1.24372
v -5.01329 -5.01331 -1.24372
v -3.93892 -5.89502 1.24372
v -3.93892 -5.89502 -1.24372
v -2.71317 -6.5502 1.24372
v -2.71317 -6.5502 -1.24372
v -1.38316 -6.95365 1.24372
v -1.38316 -6.95365 -1.24372
v 1.04514 -5.25425 -1.24372
v 1e-006 -5.35719 -1.24372
v 2.05011 -4.9494 -1.24372
v 2.9763 -4.45434 -1.24372
v 3.78811 -3.78811 -1.24372
v 4.45434 -2.9763 -1.24372
v 4.9494 -2.05011 -1.24372
v 5.25425 -1.04514 -1.24372
v 5.35719 -1e-006 -1.24372
v 5.25425 1.04514 -1.24372
v 4.9494 2.05011 -1.24372
v 4.45434 2.97629 -1.24372
v 3.78811 3.78811 -1.24372
v 2.9763 4.45434 -1.24372
v 2.05011 4.9494 -1.24372
v 1.04514 5.25425 -1.24372
v -1e-006 5.35719 -1.24372
v -1.04514 5.25425 -1.24372
v -2.05011 4.9494 -1.24372
v -2.9763 4.45434 -1.24372
v -3.78811 3.7881 -1.24372
v -4.45434 2.97629 -1.24372
v -4.9494 2.0501 -1.24372
v -5.25425 1.04513 -1.24372
v -5.35719 -6e-006 -1.24372
v -5.25425 -1.04514 -1.24372
v -4.9494 -2.05011 -1.24372
v -4.45434 -2.9763 -1.24372
v -3.7881 -3.78811 -1.24372
v -2.97629 -4.45435 -1.24372
v -2.0501 -4.9494 -1.24372
v -1.04513 -5.25426 -1.24372
v 1.04514 -5.25425 -0.060206
v 1e-006 -5.35719 -0.060206
v 2.05011 -4.9494 -0.060206
v 2.9763 -4.45434 -0.060206
v 3.78811 -3.78811 -0.060206
v 4.45434 -2.9763 -0.060206
v 4.9494 -2.05011 -0.060206
v 5.25425 -1.04514 -0.060206
v 5.35719 -1e-006 -0.060206
v 5.25425 1.04514 -0.060206
v 4.9494 2.05011 -0.060207
v 4.45434 2.97629 -0.060207
v 3.78811 3.78811 -0.060207
v 2.9763 4.45434 -0.060206
v 2.05011 4.9494 -0.060206
v 1.04514 5.25425 -0.060206
v -1e-006 5.35719 -0.060206
v -1.04514 5.25425 -0.060206
v -2.05011 4.9494 -0.060206
v -2.9763 4.45434 -0.060206
v -3.78811 3.7881 -0.060206
v -4.45434 2.97629 -0.060206
v -4.9494 2.0501 -0.060206
v -5.25425 1.04513 -0.060206
v -5.35719 -6e-006 -0.060206
v -5.25425 -1.04514 -0.060206
v -4.9494 -2.05011 -0.060206
v -4.45434 -2.9763 -0.060206
v -3.7881 -3.78811 -0.060206
v -2.97629 -4.45435 -0.060206
v -2.0501 -4.9494 -0.060206
v -1.04513 -5.25426 -0.060206
v -0 -7.08988 2.77437
v 1.38317 -6.95365 2.77437
v 2.71318 -6.55019 2.77437
v 3.93893 -5.89502 2.77437
v 5.0133 -5.0133 2.77437
v 5.89502 -3.93893 2.77437
v 6.55019 -2.71318 2.77437
v 6.95365 -1.38317 2.77437
v 7.08988 -0 2.77437
v 6.95365 1.38317 2.77437
v 6.55019 2.71318 2.77437
v 5.89502 3.93893 2.77437
v 5.0133 5.0133 2.77437
v 3.93893 5.89502 2.77437
v 2.71318 6.55019 2.77437
v 1.38317 6.95365 2.77437
v -2e-006 7.08988 2.77437
v -1.38317 6.95365 2.77437
v -2.71318 6.55019 2.77437
v -3.93893 5.89502 2.77437
v -5.01331 5.0133 2.77437
v -5.89502 3.93892 2.77437
v -6.5502 2.71317 2.77437
v -6.95365 1.38316 2.77437
v -7.08988 -7e-006 2.77437
v -6.95365 -1.38317 2.77437
v -6.55019 -2.71319 2.77437
v -5.89501 -3.93893 2.77437
v -5.0133 -5.01331 2.77437
v -3.93892 -5.89502 2.77437
v -2.71317 -6.5502 2.77437
v -1.38316 -6.95365 2.77437
v -0 -7.08988 4.25317
v 1.38317 -6.95365 4.25317
v 2.71318 -6.55019 4.25317
v 3.93893 -5.89502 4.25317
v 5.0133 -5.0133 4.25317
v 5.89502 -3.93893 4.25317
v 6.55019 -2.71318 4.25317
v 6.95365 -1.38317 4.25317
v 7.08988 -0 4.25317
v 6.95365 1.38317 4.25317
v 6.55019 2.71318 4.25317
v 5.89502 3.93893 4.25317
v 5.0133 5.0133 4.25317
v 3.93893 5.89502 4.25317
v 2.71318 6.55019 4.25317
v 1.38317 6.95365 4.25317
v -2e-006 7.08988 4.25317
v -1.38317 6.95365 4.25317
v -2.71318 6.55019 4.25317
v -3.93893 5.89502 4.25317
v -5.01331 5.0133 4.25317
v -5.89502 3.93892 4.25317
v -6.5502 2.71317 4.25317
v -6.95365 1.38316 4.25317
v -7.08988 -7e-006 4.25317
v -6.95365 -1.38317 4.25317
v -6.55019 -2.71319 4.25317
v -5.89501 -3.93893 4.25317
v -5.0133 -5.01331 4.25317
v -3.93892 -5.89502 4.25317
v -2.71317 -6.5502 4.25317
v -1.38316 -6.95365 4.25317
v 0.407321 -2.04774 -0.992572
v 1e-006 -2.08786 -0.992572
v 0.798988 -1.92893 -0.992572
v 1.15995 -1.73599 -0.992572
v 1.47634 -1.47634 -0.992572
v 1.73599 -1.15995 -0.992572
v 1.92893 -0.798989 -0.992572
v 2.04774 -0.407322 -0.992572
v 2.08786 -2e-006 -0.992572
v 2.04774 0.407318 -0.992572
v 1.92893 0.798986 -0.992572
v 1.73599 1.15995 -0.992572
v 1.47634 1.47634 -0.992572
v 1.15995 1.73599 -0.992572
v 0.798988 1.92893 -0.992572
v 0.407321 2.04773 -0.992572
v 0 2.08785 -0.992572
v -0.40732 2.04773 -0.992572
v -0.798987 1.92892 -0.992572
v -1.15995 1.73599 -0.992572
v -1.47634 1.47633 -0.992572
v -1.73599 1.15995 -0.992572
v -1.92893 0.798984 -0.992572
v -2.04774 0.407317 -0.992572
v -2.08785 -4e-006 -0.992572
v -2.04774 -0.407324 -0.992572
v -1.92892 -0.798991 -0.992572
v -1.73599 -1.15995 -0.992572
v -1.47633 -1.47634 -0.992572
v -1.15995 -1.73599 -0.992572
v -0.798984 -1.92893 -0.992572
v -0.407316 -2.04774 -0.992572
v 0.230981 -1.16121 -0.992572
v 1e-006 -1.18396 -0.992572
v 0.453084 -1.09384 -0.992572
v 0.657776 -0.984431 -0.992572
v 0.837189 -0.83719 -0.992572
v 0.98443 -0.657776 -0.992572
v 1.09384 -0.453085 -0.992572
v 1.16121 -0.230981 -0.992572
v 1.18396 -2e-006 -0.992572
v 1.16121 0.230978 -0.992572
v 1.09384 0.453081 -0.992572
v 0.98443 0.657773 -0.992572
v 0.837189 0.837186 -0.992572
v 0.657776 0.984427 -0.992572
v 0.453084 1.09384 -0.992572
v 0.23098 1.16121 -0.992572
v 1e-006 1.18396 -0.992572
v -0.230979 1.16121 -0.992572
v -0.453082 1.09384 -0.992572
v -0.657774 0.984427 -0.992572
v -0.837188 0.837186 -0.992572
v -0.984429 0.657772 -0.992572
v -1.09384 0.45308 -0.992572
v -1.16121 0.230977 -0.992572
v -1.18396 -3e-006 -0.992572
v -1.16121 -0.230983 -0.992572
v -1.09384 -0.453086 -0.992572
v -0.984427 -0.657777 -0.992572
v -0.837186 -0.837191 -0.992572
v -0.657772 -0.984432 -0.992572
v -0.45308 -1.09384 -0.992572
v -0.230977 -1.16121 -0.992572
v 0.230981 -1.16121 0.002913
v 1e-006 -1.18396 0.002913
v 0.453084 -1.09384 0.002913
v 0.657776 -0.984431 0.002913
v 0.837189 -0.83719 0.002913
v 0.98443 -0.657776 0.002913
v 1.09384 -0.453085 0.002913
v 1.16121 -0.230981 0.002913
v 1.18396 -2e-006 0.002913
v 1.16121 0.230978 0.002913
v 1.09384 0.453081 0.002913
v 0.98443 0.657773 0.002913
v 0.837189 0.837186 0.002913
v 0.657776 0.984428 0.002913
v 0.453084 1.09384 0.002913
v 0.23098 1.16121 0.002913
v 1e-006 1.18396 0.002913
v -0.230979 1.16121 0.002913
v -0.453082 1.09384 0.002913
v -0.657774 0.984427 0.002913
v -0.837188 0.837186 0.002913
v -0.984429 0.657772 0.002913
v -1.09384 0.45308 0.002913
v -1.16121 0.230977 0.002913
v -1.18396 -3e-006 0.002913
v -1.16121 -0.230983 0.002913
v -1.09384 -0.453086 0.002913
v -0.984427 -0.657777 0.002913
v -0.837186 -0.837191 0.002913
v -0.657772 -0.984432 0.002913
v -0.45308 -1.09384 0.002913
v -0.230977 -1.16121 0.002913
v 0.16395 -0.824227 0.002913
v 1e-006 -0.840374 0.002913
v 0.321598 -0.776405 0.002913
v 0.466887 -0.698746 0.002913
v 0.594234 -0.594235 0.002913
v 0.698745 -0.466888 0.002913
v 0.776404 -0.321599 0.002913
v 0.824226 -0.16395 0.002913
v 0.840374 -2e-006 0.002913
v 0.824226 0.163947 0.002913
v 0.776404 0.321595 0.002913
v 0.698745 0.466884 0.002913
v 0.594234 0.594231 0.002913
v 0.466887 0.698743 0.002913
v 0.321598 0.776401 0.002913
v 0.163949 0.824223 0.002913
v 1e-006 0.840371 0.002913
v -0.163948 0.824223 0.002913
v -0.321596 0.776401 0.002913
v -0.466885 0.698742 0.002913
v -0.594233 0.594231 0.002913
v -0.698744 0.466884 0.002913
v -0.776402 0.321594 0.002913
v -0.824224 0.163946 0.002913
v -0.840372 -3e-006 0.002913
v -0.824224 -0.163951 0.002913
v -0.776402 -0.321599 0.002913
v -0.698743 -0.466889 0.002913
v -0.594231 -0.594236 0.002913
v -0.466884 -0.698747 0.002913
v -0.321595 -0.776405 0.002913
v -0.163946 -0.824227 0.002913
v 0.16395 -0.824227 -0.477475
v 1e-006 -0.840374 -0.477475
v 0.321598 -0.776405 -0.477475
v 0.466887 -0.698746 -0.477475
v 0.594234 -0.594235 -0.477476
v 0.698745 -0.466888 -0.477476
v 0.776404 -0.321599 -0.477476
v 0.824226 -0.16395 -0.477476
v 0.840374 -2e-006 -0.477476
v 0.824226 0.163947 -0.477476
v 0.776404 0.321595 -0.477476
v 0.698745 0.466884 -0.477476
v 0.594234 0.594231 -0.477476
v 0.466887 0.698743 -0.477476
v 0.321598 0.776401 -0.477476
v 0.163949 0.824223 -0.477476
v 1e-006 0.840371 -0.477476
v -0.163948 0.824223 -0.477476
v -0.321596 0.776401 -0.477476
v -0.466885 0.698742 -0.477476
v -0.594233 0.594231 -0.477476
v -0.698744 0.466884 -0.477476
v -0.776402 0.321594 -0.477475
v -0.824224 0.163946 -0.477475
v -0.840372 -3e-006 -0.477475
v -0.824224 -0.163951 -0.477475
v -0.776402 -0.321599 -0.477475
v -0.698743 -0.466889 -0.477475
v -0.594231 -0.594236 -0.477475
v -0.466884 -0.698747 -0.477475
v -0.321595 -0.776405 -0.477475
v -0.163946 -0.824227 -0.477475
v 2.05002 -4.94941 0.377733
v 1.04504 -5.25427 0.377734
v 2.9762 -4.45435 0.377733
v 4.45425 -2.97631 0.377733
v 3.78801 -3.78812 0.377733
v 4.94931 -2.05012 0.377733
v 5.25416 1.04512 0.377733
v 5.3571 -1.4e-005 0.377733
v 4.94931 2.05009 0.377733
v 2.9762 4.45433 0.377733
v 3.78801 3.78809 0.377733
v 2.05001 4.94939 0.377733
v -1.04523 5.25424 0.377733
v -9.4e-005 5.35718 0.377733
v -2.0502 4.94938 0.377733
v -3.7882 3.78809 0.377733
v -2.97639 4.45433 0.377733
v -4.45444 2.97628 0.377733
v -5.25435 1.04512 0.377733
v -4.94949 2.05009 0.377733
v -5.35728 -1.9e-005 0.377733
v -4.45443 -2.97632 0.377733
v -4.94949 -2.05013 0.377733
v -3.78819 -3.78812 0.377733
v -2.05019 -4.94942 0.377733
v -2.97638 -4.45436 0.377733
v -1.04522 -5.25427 0.377734
v 0.798895 -1.92894 -0.554632
v 0.407228 -2.04775 -0.554632
v 1.15986 -1.736 -0.554632
v 1.7359 -1.15996 -0.554633
v 1.47624 -1.47635 -0.554633
v 1.92883 -0.799002 -0.554633
v 2.04765 0.407305 -0.554633
v 2.08776 -1.5e-005 -0.554633
v 1.92883 0.798972 -0.554633
v 1.15986 1.73597 -0.554632
v 1.47624 1.47632 -0.554633
v 0.798895 1.92891 -0.554632
v -0.407413 2.04772 -0.554633
v -9.3e-005 2.08784 -0.554633
v -0.79908 1.92891 -0.554632
v -1.47643 1.47632 -0.554632
v -1.16004 1.73597 -0.554632
v -1.73608 1.15993 -0.554632
v -2.04783 0.407304 -0.554632
v -1.92902 0.798971 -0.554632
v -2.08795 -1.7e-005 -0.554632
v -1.73608 -1.15997 -0.554632
v -1.92902 -0.799004 -0.554632
v -1.47643 -1.47635 -0.554632
v -0.799077 -1.92894 -0.554632
v -1.16004 -1.736 -0.554632
v -0.407409 -2.04775 -0.554632
v 2.01848 -4.87849 0.848873
v 1.02797 -5.17896 0.848873
v 2.93134 -4.39055 0.848873
v 4.38812 -2.93378 0.848873
v 3.73147 -3.73391 0.848873
v 4.87606 -2.02092 0.848872
v 5.17653 1.02979 0.848872
v 5.27798 -0.000304 0.848872
v 4.87606 2.02031 0.848872
v 2.93134 4.38995 0.848873
v 3.73147 3.7333 0.848872
v 2.01848 4.87788 0.848873
v -1.03223 5.17835 0.848873
v -0.002131 5.27981 0.848873
v -2.02274 4.87788 0.848873
v -3.73573 3.7333 0.848873
v -2.9356 4.38995 0.848873
v -4.39238 2.93317 0.848873
v -5.18078 1.02979 0.848873
v -4.88032 2.0203 0.848873
v -5.28224 -0.000309 0.848873
v -4.39238 -2.93378 0.848873
v -4.88031 -2.02092 0.848873
v -3.73573 -3.73391 0.848873
v -2.02273 -4.87849 0.848873
v -2.9356 -4.39056 0.848873
v -1.03222 -5.17896 0.848873
v 0.785363 -1.90148 -0.070078
v 0.399331 -2.01858 -0.070078
v 1.14113 -1.71132 -0.070078
v 1.70888 -1.14357 -0.070078
v 1.45297 -1.4554 -0.070078
v 1.89904 -0.787796 -0.070078
v 2.01614 0.401155 -0.070078
v 2.05569 -0.000305 -0.070078
v 1.89904 0.787186 -0.070078
v 1.14113 1.71071 -0.070078
v 1.45297 1.45479 -0.070078
v 0.785362 1.90087 -0.070078
v -0.403589 2.01797 -0.070078
v -0.002129 2.05751 -0.070078
v -0.789621 1.90087 -0.070078
v -1.45722 1.45479 -0.070078
v -1.14539 1.71071 -0.070078
v -1.71314 1.14295 -0.070078
v -2.0204 0.401153 -0.070078
v -1.9033 0.787185 -0.070078
v -2.05994 -0.000307 -0.070078
v -1.71314 -1.14357 -0.070078
v -1.9033 -0.787798 -0.070078
v -1.45722 -1.4554 -0.070078
v -0.789617 -1.90148 -0.070078
v -1.14539 -1.71132 -0.070078
v -0.403585 -2.01858 -0.070078
v 0.084991 -0.427275 -0.477475
v 1e-006 -0.435646 -0.477475
v 0.166715 -0.402485 -0.477475
v 0.242032 -0.362227 -0.477475
v 0.308048 -0.308049 -0.477476
v 0.362226 -0.242033 -0.477476
v 0.402484 -0.166716 -0.477476
v 0.427274 -0.084992 -0.477476
v 0.435645 -2e-006 -0.477476
v 0.427274 0.084988 -0.477476
v 0.402484 0.166712 -0.477476
v 0.362226 0.242029 -0.477476
v 0.308048 0.308045 -0.477476
v 0.242032 0.362223 -0.477476
v 0.166715 0.402481 -0.477476
v 0.084991 0.427271 -0.477476
v 1e-006 0.435642 -0.477476
v -0.084989 0.427271 -0.477476
v -0.166713 0.40248 -0.477476
v -0.24203 0.362223 -0.477476
v -0.308046 0.308045 -0.477475
v -0.362224 0.242029 -0.477475
v -0.402482 0.166711 -0.477475
v -0.427272 0.084988 -0.477475
v -0.435643 -2e-006 -0.477475
v -0.427272 -0.084992 -0.477475
v -0.402481 -0.166716 -0.477475
v -0.362223 -0.242033 -0.477475
v -0.308045 -0.308049 -0.477475
v -0.242029 -0.362227 -0.477475
v -0.166712 -0.402485 -0.477475
v -0.084988 -0.427275 -0.477475
v 0.084991 -0.427275 0.168168
v 1e-006 -0.435646 0.168168
v 0.166715 -0.402485 0.168168
v 0.242032 -0.362227 0.168168
v 0.308048 -0.308049 0.168168
v 0.362226 -0.242033 0.168168
v 0.402484 -0.166716 0.168168
v 0.427274 -0.084992 0.168168
v 0.435645 -2e-006 0.168168
v 0.427274 0.084988 0.168168
v 0.402484 0.166712 0.168168
v 0.362226 0.242029 0.168168
v 0.308048 0.308045 0.168168
v 0.242032 0.362223 0.168168
v 0.166715 0.402481 0.168168
v 0.084991 0.427271 0.168168
v 1e-006 0.435642 0.168168
v -0.084989 0.427271 0.168168
v -0.166713 0.40248 0.168168
v -0.24203 0.362223 0.168168
v -0.308046 0.308045 0.168168
v -0.362224 0.242029 0.168168
v -0.402482 0.166711 0.168168
v -0.427272 0.084988 0.168168
v -0.435643 -2e-006 0.168168
v -0.427272 -0.084992 0.168168
v -0.402481 -0.166716 0.168168
v -0.362223 -0.242033 0.168168
v -0.308045 -0.308049 0.168168
v -0.242029 -0.362227 0.168168
v -0.166712 -0.402485 0.168168
v -0.084988 -0.427275 0.168168
v 0.691583 -7.02176 1.24372
v 0.691584 -7.02176 -1.24372
v 0 -7.08988 0
v 1.38317 -6.95365 0
v 2.04817 -6.75192 1.24372
v 2.04817 -6.75192 -1.24372
v 2.71318 -6.55019 0
v 3.32605 -6.22261 1.24372
v 3.32605 -6.22261 -1.24372
v 3.93893 -5.89502 0
v 4.47611 -5.45416 1.24372
v 4.47611 -5.45416 -1.24372
v 5.0133 -5.0133 -0
v 5.45416 -4.47611 1.24372
v 5.45416 -4.47611 -1.24372
v 5.89502 -3.93893 -0
v 6.22261 -3.32605 1.24372
v 6.22261 -3.32605 -1.24372
v 6.55019 -2.71318 -0
v 6.75192 -2.04817 1.24372
v 6.75192 -2.04817 -1.24372
v 6.95365 -1.38317 -0
v 7.02176 -0.691584 1.24372
v 7.02176 -0.691584 -1.24372
v 7.08988 -1e-006 -0
v 7.02176 0.691583 1.24372
v 7.02176 0.691583 -1.24372
v 6.95365 1.38317 -0
v 6.75192 2.04817 1.24372
v 6.75192 2.04817 -1.24372
v 6.55019 2.71318 -1e-006
v 6.22261 3.32605 1.24372
v 6.22261 3.32605 -1.24372
v 5.89502 3.93893 -1e-006
v 5.45416 4.47611 1.24372
v 5.45416 4.47611 -1.24372
v 5.0133 5.0133 -1e-006
v 4.47611 5.45416 1.24372
v 4.47611 5.45416 -1.24372
v 3.93893 5.89502 -0
v 3.32605 6.22261 1.24372
v 3.32605 6.22261 -1.24372
v 2.71318 6.55019 -0
v 2.04817 6.75192 1.24372
v 2.04817 6.75192 -1.24372
v 1.38317 6.95365 -0
v 0.691581 7.02176 1.24372
v 0.691581 7.02176 -1.24372
v -2e-006 7.08988 -0
v -0.691586 7.02176 1.24372
v -0.691586 7.02176 -1.24372
v -1.38317 6.95365 -0
v -2.04818 6.75192 1.24372
v -2.04818 6.75192 -1.24372
v -2.71318 6.55019 -0
v -3.32606 6.2226 1.24372
v -3.32606 6.2226 -1.24372
v -3.93893 5.89502 -0
v -4.47612 5.45416 1.24372
v -4.47612 5.45416 -1.24372
v -5.0133 5.0133 -0
v -5.45416 4.47611 1.24372
v -5.45416 4.47611 -1.24372
v -5.89502 3.93892 -0
v -6.22261 3.32605 1.24372
v -6.22261 3.32605 -1.24372
v -6.5502 2.71317 -0
v -6.75192 2.04817 1.24372
v -6.75192 2.04817 -1.24372
v -6.95365 1.38316 -0
v -7.02176 0.691577 1.24372
v -7.02176 0.691577 -1.24372
v -7.08988 -7e-006 0
v -7.02176 -0.69159 1.24372
v -7.02176 -0.69159 -1.24372
v -6.95365 -1.38317 0
v -6.75192 -2.04818 1.24372
v -6.75192 -2.04818 -1.24372
v -6.55019 -2.71319 0
v -6.2226 -3.32606 1.24372
v -6.2226 -3.32606 -1.24372
v -5.89501 -3.93893 0
v -5.45415 -4.47612 1.24372
v -5.45415 -4.47612 -1.24372
v -5.01329 -5.01331 0
v -4.47611 -5.45416 1.24372
v -4.47611 -5.45416 -1.24372
v -3.93892 -5.89502 0
v -3.32604 -6.22261 1.24372
v -3.32604 -6.22261 -1.24372
v -2.71317 -6.5502 0
v -2.04816 -6.75192 1.24372
v -2.04816 -6.75192 -1.24372
v -1.38316 -6.95365 0
v -0.691578 -7.02176 1.24372
v -0.691578 -7.02176 -1.24372
v 0.522569 -5.30572 -1.24372
v 1.54762 -5.10183 -1.24372
v 2.5132 -4.70187 -1.24372
v 3.3822 -4.12122 -1.24372
v 4.12122 -3.3822 -1.24372
v 4.70187 -2.5132 -1.24372
v 5.10183 -1.54762 -1.24372
v 5.30572 -0.522569 -1.24372
v 5.30572 0.522567 -1.24372
v 5.10183 1.54762 -1.24372
v 4.70187 2.5132 -1.24372
v 4.12122 3.3822 -1.24372
v 3.3822 4.12122 -1.24372
v 2.5132 4.70187 -1.24372
v 1.54762 5.10183 -1.24372
v 0.522567 5.30572 -1.24372
v -0.522569 5.30572 -1.24372
v -1.54762 5.10183 -1.24372
v -2.5132 4.70187 -1.24372
v -3.3822 4.12122 -1.24372
v -4.12122 3.3822 -1.24372
v -4.70187 2.5132 -1.24372
v -5.10183 1.54762 -1.24372
v -5.30572 0.522563 -1.24372
v -5.30572 -0.522574 -1.24372
v -5.10182 -1.54763 -1.24372
v -4.70187 -2.51321 -1.24372
v -4.12122 -3.38221 -1.24372
v -3.38219 -4.12123 -1.24372
v -2.5132 -4.70187 -1.24372
v -1.54761 -5.10183 -1.24372
v -0.522564 -5.30572 -1.24372
v -2e-006 6.22353 -1.24372
v -1.21415 6.10395 -1.24372
v -6.10395 -1.21416 -1.24372
v -5.74979 -2.38165 -1.24372
v 3.45761 -5.17468 -1.24372
v 4.4007 -4.4007 -1.24372
v 4.4007 4.4007 -1.24372
v 3.45761 5.17468 -1.24372
v -5.17468 3.45761 -1.24372
v -5.7498 2.38164 -1.24372
v -2.38163 -5.7498 -1.24372
v -1.21414 -6.10395 -1.24372
v 6.22354 -1e-006 -1.24372
v 6.10395 1.21415 -1.24372
v -2.38165 5.74979 -1.24372
v -5.17467 -3.45762 -1.24372
v 5.17468 -3.45761 -1.24372
v 2.38164 5.7498 -1.24372
v -6.10395 1.21415 -1.24372
v 0 -6.22354 -1.24372
v 1.21415 -6.10395 -1.24372
v 5.7498 2.38164 -1.24372
v -3.45761 5.17468 -1.24372
v -4.4007 -4.40071 -1.24372
v 5.7498 -2.38164 -1.24372
v 1.21415 6.10395 -1.24372
v -6.22353 -6e-006 -1.24372
v 2.38164 -5.7498 -1.24372
v 5.17468 3.45761 -1.24372
v -4.40071 4.4007 -1.24372
v -3.4576 -5.17469 -1.24372
v 6.10395 -1.21415 -1.24372
v 0.522569 -5.30572 -0.060206
v 1.54762 -5.10183 -0.060206
v 2.5132 -4.70187 -0.060206
v 3.3822 -4.12122 -0.060206
v 4.12122 -3.3822 -0.060206
v 4.70187 -2.5132 -0.060206
v 5.10183 -1.54762 -0.060206
v 5.30572 -0.522569 -0.060206
v 5.30572 0.522567 -0.060206
v 5.10183 1.54762 -0.060207
v 4.70187 2.5132 -0.060207
v 4.12122 3.3822 -0.060207
v 3.3822 4.12122 -0.060206
v 2.5132 4.70187 -0.060206
v 1.54762 5.10183 -0.060206
v 0.522567 5.30572 -0.060206
v -0.522569 5.30572 -0.060206
v -1.54762 5.10183 -0.060206
v -2.5132 4.70187 -0.060206
v -3.3822 4.12122 -0.060206
v -4.12122 3.3822 -0.060206
v -4.70187 2.5132 -0.060206
v -5.10183 1.54762 -0.060206
v -5.30572 0.522563 -0.060206
v -5.30572 -0.522574 -0.060206
v -5.10182 -1.54763 -0.060206
v -4.70187 -2.51321 -0.060206
v -4.12122 -3.38221 -0.060206
v -3.38219 -4.12123 -0.060206
v -2.5132 -4.70187 -0.060206
v -1.54761 -5.10183 -0.060206
v -0.522564 -5.30572 -0.060206
v -4.45434 2.97629 -0.651965
v -4.9494 2.0501 -0.651965
v 5.35719 -1e-006 -0.651965
v 5.25425 1.04514 -0.651965
v -5.25425 1.04513 -0.651965
v 4.9494 2.05011 -0.651965
v -5.35719 -6e-006 -0.651964
v 4.45434 2.97629 -0.651965
v -5.25425 -1.04514 -0.651964
v 3.78811 3.78811 -0.651965
v -4.9494 -2.05011 -0.651964
v 2.9763 4.45434 -0.651965
v -4.45434 -2.9763 -0.651964
v 2.05011 4.9494 -0.651965
v 1e-006 -5.35719 -0.651964
v 1.04514 -5.25425 -0.651964
v -3.7881 -3.78811 -0.651964
v 1.04514 5.25425 -0.651965
v 2.05011 -4.9494 -0.651964
v -2.97629 -4.45435 -0.651964
v -1e-006 5.35719 -0.651965
v 2.9763 -4.45434 -0.651964
v -2.0501 -4.9494 -0.651964
v -1.04514 5.25425 -0.651965
v 3.78811 -3.78811 -0.651965
v -1.04513 -5.25426 -0.651964
v -2.05011 4.9494 -0.651965
v 4.45434 -2.9763 -0.651965
v -2.9763 4.45434 -0.651965
v 4.9494 -2.05011 -0.651965
v -3.78811 3.7881 -0.651965
v 5.25425 -1.04514 -0.651965
v 0.691583 -7.02176 2.77437
v 2.04817 -6.75192 2.77437
v 3.32605 -6.22261 2.77437
v 4.47611 -5.45416 2.77437
v 5.45416 -4.47611 2.77437
v 6.22261 -3.32605 2.77437
v 6.75192 -2.04817 2.77437
v 7.02176 -0.691584 2.77437
v 7.02176 0.691583 2.77437
v 6.75192 2.04817 2.77437
v 6.22261 3.32605 2.77437
v 5.45416 4.47611 2.77437
v 4.47611 5.45416 2.77437
v 3.32605 6.22261 2.77437
v 2.04817 6.75192 2.77437
v 0.691581 7.02176 2.77437
v -0.691586 7.02176 2.77437
v -2.04818 6.75192 2.77437
v -3.32606 6.2226 2.77437
v -4.47612 5.45416 2.77437
v -5.45416 4.47611 2.77437
v -6.22261 3.32605 2.77437
v -6.75192 2.04817 2.77437
v -7.02176 0.691577 2.77437
v -7.02176 -0.69159 2.77437
v -6.75192 -2.04818 2.77437
v -6.2226 -3.32606 2.77437
v -5.45415 -4.47612 2.77437
v -4.47611 -5.45416 2.77437
v -3.32604 -6.22261 2.77437
v -2.04816 -6.75192 2.77437
v -0.691578 -7.02176 2.77437
v 5.0133 -5.0133 2.00905
v 3.93893 -5.89502 2.00905
v 3.93893 5.89502 2.00905
v 5.0133 5.0133 2.00905
v -6.5502 2.71317 2.00905
v -5.89502 3.93892 2.00905
v -1.38316 -6.95365 2.00905
v -2.71317 -6.5502 2.00905
v 6.95365 1.38317 2.00905
v 7.08988 -0 2.00905
v -2.71318 6.55019 2.00905
v -1.38317 6.95365 2.00905
v -5.89501 -3.93893 2.00905
v -6.55019 -2.71319 2.00905
v 5.89502 -3.93893 2.00905
v 2.71318 6.55019 2.00905
v -6.95365 1.38316 2.00905
v 1.38317 -6.95365 2.00905
v -0 -7.08988 2.00905
v 6.55019 2.71318 2.00905
v -3.93893 5.89502 2.00905
v -5.0133 -5.01331 2.00905
v 6.55019 -2.71318 2.00905
v 1.38317 6.95365 2.00905
v -7.08988 -7e-006 2.00905
v 2.71318 -6.55019 2.00905
v 5.89502 3.93893 2.00905
v -5.01331 5.0133 2.00905
v -3.93892 -5.89502 2.00905
v 6.95365 -1.38317 2.00905
v -3e-006 7.08988 2.00905
v -6.95365 -1.38317 2.00905
v 0.691583 -7.02176 4.25317
v 2.04817 -6.75192 4.25317
v 3.32605 -6.22261 4.25317
v 4.47611 -5.45416 4.25317
v 5.45416 -4.47611 4.25317
v 6.22261 -3.32605 4.25317
v 6.75192 -2.04817 4.25317
v 7.02176 -0.691584 4.25317
v 7.02176 0.691583 4.25317
v 6.75192 2.04817 4.25317
v 6.22261 3.32605 4.25317
v 5.45416 4.47611 4.25317
v 4.47611 5.45416 4.25317
v 3.32605 6.22261 4.25317
v 2.04817 6.75192 4.25317
v 0.691581 7.02176 4.25317
v -0.691586 7.02176 4.25317
v -2.04818 6.75192 4.25317
v -3.32606 6.2226 4.25317
v -4.47612 5.45416 4.25317
v -5.45416 4.47611 4.25317
v -6.22261 3.32605 4.25317
v -6.75192 2.04817 4.25317
v -7.02176 0.691577 4.25317
v -7.02176 -0.69159 4.25317
v -6.75192 -2.04818 4.25317
v -6.2226 -3.32606 4.25317
v -5.45415 -4.47612 4.25317
v -4.47611 -5.45416 4.25317
v -3.32604 -6.22261 4.25317
v -2.04816 -6.75192 4.25317
v -0.691578 -7.02176 4.25317
v -5.0133 -5.01331 3.51377
v -5.89501 -3.93893 3.51377
v 1.38317 6.95365 3.51377
v 2.71318 6.55019 3.51377
v 2.71318 -6.55019 3.51377
v 1.38317 -6.95365 3.51377
v -3.93892 -5.89502 3.51377
v -2e-006 7.08988 3.51377
v 3.93893 -5.89502 3.51377
v -2.71317 -6.5502 3.51377
v -1.38317 6.95365 3.51377
v 5.0133 -5.0133 3.51377
v -1.38316 -6.95365 3.51377
v -2.71318 6.55019 3.51377
v 5.89502 -3.93893 3.51377
v -0 -7.08988 3.51377
v -3.93893 5.89502 3.51377
v 6.55019 -2.71318 3.51377
v -5.01331 5.0133 3.51377
v 6.95365 -1.38317 3.51377
v -5.89502 3.93892 3.51377
v 7.08988 -0 3.51377
v -6.5502 2.71317 3.51377
v 6.95365 1.38317 3.51377
v -6.95365 1.38316 3.51377
v 6.55019 2.71318 3.51377
v -7.08988 -7e-006 3.51377
v 5.89502 3.93893 3.51377
v -6.95365 -1.38317 3.51377
v 5.0133 5.0133 3.51377
v -6.55019 -2.71319 3.51377
v 3.93893 5.89502 3.51377
v 0.203661 -2.0678 -0.992572
v 0.603155 -1.98833 -0.992572
v 0.97947 -1.83246 -0.992572
v 1.31814 -1.60616 -0.992572
v 1.60616 -1.31814 -0.992572
v 1.83246 -0.97947 -0.992572
v 1.98833 -0.603155 -0.992572
v 2.0678 -0.203662 -0.992572
v 2.0678 0.203658 -0.992572
v 1.98833 0.603152 -0.992572
v 1.83246 0.979467 -0.992572
v 1.60616 1.31814 -0.992572
v 1.31814 1.60616 -0.992572
v 0.979469 1.83246 -0.992572
v 0.603154 1.98833 -0.992572
v 0.20366 2.06779 -0.992572
v -0.20366 2.06779 -0.992572
v -0.603154 1.98833 -0.992572
v -0.979469 1.83246 -0.992572
v -1.31814 1.60616 -0.992572
v -1.60616 1.31814 -0.992572
v -1.83246 0.979466 -0.992572
v -1.98833 0.603151 -0.992572
v -2.0678 0.203657 -0.992572
v -2.0678 -0.203664 -0.992572
v -1.98833 -0.603157 -0.992572
v -1.83246 -0.979472 -0.992572
v -1.60616 -1.31815 -0.992572
v -1.31814 -1.60617 -0.992572
v -0.979465 -1.83246 -0.992572
v -0.60315 -1.98833 -0.992572
v -0.203658 -2.0678 -0.992572
v -3.72252 -5e-006 -0.526389
v -3.65099 -0.726233 -0.526389
v 3.09517 2.06812 -0.526389
v 2.63222 2.63222 -0.526389
v -3.43916 -1.42455 -0.526389
v -5.35724 -1.2e-005 0.158764
v -5.2543 1.04512 0.158764
v 1.42455 3.43916 -0.526389
v 1e-006 -3.72252 -0.526389
v 0.726229 -3.651 -0.526389
v -2.63222 -2.63223 -0.526389
v 0.726228 3.651 -0.526389
v -4.94945 2.0501 0.158763
v -2.06812 -3.09517 -0.526389
v -1e-006 3.72252 -0.526389
v 2.06812 -3.09517 -0.526389
v 0.798941 1.92892 -0.773602
v 2.05006 4.94939 0.158763
v 2.63222 -2.63222 -0.526389
v -0.726222 -3.651 -0.526389
v -1.42455 3.43916 -0.526389
v 1.47629 1.47633 -0.773602
v -2.06812 3.09516 -0.526389
v 3.43916 -1.42455 -0.526389
v 1.1599 1.73598 -0.773602
v 3.651 -0.726229 -0.526389
v -3.09517 2.06812 -0.526389
v 3.72252 -1e-006 -0.526389
v -3.43916 1.42454 -0.526389
v -4.45439 2.97628 0.158763
v -3.78816 3.7881 0.158763
v 3.43916 1.42455 -0.526389
v 0.115491 -1.17259 -0.992572
v 0.342032 -1.12753 -0.992572
v 0.55543 -1.03914 -0.992572
v 0.747482 -0.91081 -0.992572
v 0.91081 -0.747483 -0.992572
v 1.03913 -0.55543 -0.992572
v 1.12753 -0.342033 -0.992572
v 1.17259 -0.115492 -0.992572
v 1.17259 0.115488 -0.992572
v 1.12753 0.342029 -0.992572
v 1.03913 0.555427 -0.992572
v 0.91081 0.747479 -0.992572
v 0.747482 0.910807 -0.992572
v 0.55543 1.03913 -0.992572
v 0.342032 1.12752 -0.992572
v 0.11549 1.17259 -0.992572
v -0.115489 1.17259 -0.992572
v -0.342031 1.12752 -0.992572
v -0.555428 1.03913 -0.992572
v -0.747481 0.910806 -0.992572
v -0.910808 0.747479 -0.992572
v -1.03913 0.555426 -0.992572
v -1.12752 0.342029 -0.992572
v -1.17259 0.115487 -0.992572
v -1.17259 -0.115493 -0.992572
v -1.12752 -0.342034 -0.992572
v -1.03913 -0.555432 -0.992572
v -0.910807 -0.747484 -0.992572
v -0.747479 -0.910811 -0.992572
v -0.555426 -1.03914 -0.992572
v -0.342029 -1.12753 -0.992572
v -0.115488 -1.17259 -0.992572
v -1.15676 1.15676 -0.992572
v -1.36021 0.908859 -0.992572
v 1.60448 -0.319152 -0.992572
v 1.63591 -2e-006 -0.992572
v -1.51138 0.626032 -0.992572
v 1.60448 0.319148 -0.992572
v -1.60448 0.319147 -0.992572
v 1.51138 0.626033 -0.992572
v -1.63591 -3e-006 -0.992572
v 1.36021 0.90886 -0.992572
v -1.60447 -0.319153 -0.992572
v 1.15676 1.15676 -0.992572
v -1.51138 -0.626038 -0.992572
v 0.908863 1.36021 -0.992572
v -1.36021 -0.908866 -0.992572
v 0.626036 1.51138 -0.992572
v 1e-006 -1.63591 -0.992572
v 0.319151 -1.60448 -0.992572
v -1.15676 -1.15676 -0.992572
v 0.31915 1.60447 -0.992572
v 0.626036 -1.51138 -0.992572
v -0.908859 -1.36021 -0.992572
v 0 1.63591 -0.992572
v 0.908863 -1.36021 -0.992572
v -0.626032 -1.51138 -0.992572
v -0.31915 1.60447 -0.992572
v 1.15676 -1.15676 -0.992572
v -0.319147 -1.60448 -0.992572
v -0.626035 1.51138 -0.992572
v 1.36021 -0.908864 -0.992572
v -0.908862 1.36021 -0.992572
v 1.51138 -0.626037 -0.992572
v 0.115491 -1.17259 0.002913
v 0.342032 -1.12753 0.002913
v 0.55543 -1.03914 0.002913
v 0.747482 -0.91081 0.002913
v 0.91081 -0.747483 0.002913
v 1.03913 -0.55543 0.002913
v 1.12753 -0.342033 0.002913
v 1.17259 -0.115492 0.002913
v 1.17259 0.115488 0.002913
v 1.12753 0.342029 0.002913
v 1.03913 0.555427 0.002913
v 0.91081 0.747479 0.002913
v 0.747482 0.910807 0.002913
v 0.55543 1.03913 0.002913
v 0.342032 1.12752 0.002913
v 0.115491 1.17259 0.002913
v -0.115489 1.17259 0.002913
v -0.342031 1.12752 0.002913
v -0.555428 1.03913 0.002913
v -0.747481 0.910806 0.002913
v -0.910808 0.747479 0.002913
v -1.03913 0.555426 0.002913
v -1.12752 0.342029 0.002913
v -1.17259 0.115487 0.002913
v -1.17259 -0.115493 0.002913
v -1.12752 -0.342034 0.002913
v -1.03913 -0.555432 0.002913
v -0.910807 -0.747484 0.002913
v -0.747479 -0.910811 0.002913
v -0.555426 -1.03914 0.002913
v -0.342029 -1.12753 0.002913
v -0.115488 -1.17259 0.002913
v -1.16121 0.230977 -0.494829
v -1.18396 -3e-006 -0.494829
v 1.09384 0.453081 -0.494829
v 0.98443 0.657773 -0.494829
v -1.16121 -0.230983 -0.494829
v 0.837189 0.837186 -0.494829
v -1.09384 -0.453086 -0.494829
v 0.657776 0.984428 -0.494829
v -0.984427 -0.657777 -0.494829
v 0.453084 1.09384 -0.494829
v 1e-006 -1.18396 -0.494829
v 0.230981 -1.16121 -0.494829
v -0.837186 -0.837191 -0.494829
v 0.23098 1.16121 -0.494829
v 0.453084 -1.09384 -0.494829
v -0.657772 -0.984432 -0.494829
v 1e-006 1.18396 -0.494829
v 0.657776 -0.984431 -0.494829
v -0.45308 -1.09384 -0.494829
v -0.230979 1.16121 -0.494829
v 0.837189 -0.83719 -0.494829
v -0.230977 -1.16121 -0.494829
v -0.453082 1.09384 -0.494829
v 0.98443 -0.657776 -0.494829
v -0.657774 0.984427 -0.494829
v 1.09384 -0.453085 -0.494829
v -0.837188 0.837186 -0.494829
v 1.16121 -0.230981 -0.494829
v -0.984429 0.657772 -0.494829
v 1.18396 -2e-006 -0.494829
v -1.09384 0.45308 -0.494829
v 1.16121 0.230978 -0.494829
v 0.081975 -0.832301 0.002913
v 0.242774 -0.800316 0.002913
v 0.394242 -0.737576 0.002913
v 0.530561 -0.646491 0.002913
v 0.64649 -0.530561 0.002913
v 0.737575 -0.394243 0.002913
v 0.800315 -0.242774 0.002913
v 0.8323 -0.081976 0.002913
v 0.8323 0.081972 0.002913
v 0.800315 0.242771 0.002913
v 0.737575 0.394239 0.002913
v 0.64649 0.530558 0.002913
v 0.530561 0.646487 0.002913
v 0.394242 0.737572 0.002913
v 0.242773 0.800312 0.002913
v 0.081975 0.832297 0.002913
v -0.081974 0.832297 0.002913
v -0.242772 0.800312 0.002913
v -0.394241 0.737572 0.002913
v -0.530559 0.646487 0.002913
v -0.646488 0.530557 0.002913
v -0.737573 0.394239 0.002913
v -0.800313 0.24277 0.002913
v -0.832298 0.081972 0.002913
v -0.832298 -0.081977 0.002913
v -0.800313 -0.242775 0.002913
v -0.737572 -0.394244 0.002913
v -0.646487 -0.530562 0.002913
v -0.530558 -0.646491 0.002913
v -0.394239 -0.737576 0.002913
v -0.24277 -0.800316 0.002913
v -0.081973 -0.832301 0.002913
v -0.93512 -0.387343 0.002913
v -0.841585 -0.562333 0.002913
v 0.562331 0.841585 0.002913
v 0.387341 0.935119 0.002913
v 1e-006 -1.01217 0.002913
v 0.197465 -0.992721 0.002913
v -0.715709 -0.715713 0.002913
v 0.197465 0.992717 0.002913
v 0.387341 -0.935123 0.002913
v -0.562328 -0.841589 0.002913
v 1e-006 1.01217 0.002913
v 0.562331 -0.841589 0.002913
v -0.387337 -0.935123 0.002913
v -0.197463 0.992717 0.002913
v 0.715712 -0.715712 0.002913
v -0.197462 -0.992721 0.002913
v -0.387339 0.935119 0.002913
v 0.841588 -0.562332 0.002913
v -0.56233 0.841585 0.002913
v 0.935122 -0.387342 0.002913
v -0.71571 0.715708 0.002913
v 0.99272 -0.197466 0.002913
v -0.841586 0.562328 0.002913
v 1.01217 -2e-006 0.002913
v -0.93512 0.387337 0.002913
v 0.99272 0.197462 0.002913
v -0.992718 0.197461 0.002913
v 0.935122 0.387338 0.002913
v -1.01217 -3e-006 0.002913
v 0.841588 0.562328 0.002913
v -0.992718 -0.197467 0.002913
v 0.715712 0.715709 0.002913
v 0.081975 -0.832301 -0.477475
v 0.242774 -0.800316 -0.477475
v 0.394242 -0.737576 -0.477475
v 0.530561 -0.646491 -0.477476
v 0.64649 -0.530561 -0.477476
v 0.737575 -0.394243 -0.477476
v 0.800315 -0.242774 -0.477476
v 0.8323 -0.081976 -0.477476
v 0.8323 0.081972 -0.477476
v 0.800315 0.242771 -0.477476
v 0.737575 0.394239 -0.477476
v 0.64649 0.530558 -0.477476
v 0.530561 0.646487 -0.477476
v 0.394242 0.737572 -0.477476
v 0.242773 0.800312 -0.477476
v 0.081975 0.832297 -0.477476
v -0.081974 0.832297 -0.477476
v -0.242772 0.800312 -0.477476
v -0.394241 0.737572 -0.477476
v -0.530559 0.646487 -0.477476
v -0.646488 0.530557 -0.477476
v -0.737573 0.394239 -0.477476
v -0.800313 0.24277 -0.477475
v -0.832298 0.081972 -0.477475
v -0.832298 -0.081977 -0.477475
v -0.800313 -0.242775 -0.477475
v -0.737572 -0.394244 -0.477475
v -0.646487 -0.530562 -0.477475
v -0.530558 -0.646491 -0.477475
v -0.394239 -0.737576 -0.477475
v -0.24277 -0.800316 -0.477475
v -0.081973 -0.832301 -0.477475
v 0.321598 -0.776405 -0.237281
v 0.466887 -0.698746 -0.237281
v -0.466884 -0.698747 -0.237281
v -0.321595 -0.776405 -0.237281
v 1e-006 0.840371 -0.237281
v -0.163948 0.824223 -0.237281
v 0.594234 -0.594235 -0.237281
v -0.163946 -0.824227 -0.237281
v -0.321596 0.776401 -0.237281
v 0.698745 -0.466888 -0.237281
v 1e-006 -0.840374 -0.237281
v -0.466885 0.698742 -0.237281
v 0.776404 -0.321599 -0.237281
v -0.594233 0.594231 -0.237281
v 0.824226 -0.16395 -0.237281
v -0.698744 0.466884 -0.237281
v 0.840374 -2e-006 -0.237281
v -0.776402 0.321594 -0.237281
v 0.824226 0.163947 -0.237281
v -0.824224 0.163946 -0.237281
v 0.776404 0.321595 -0.237281
v -0.840372 -3e-006 -0.237281
v 0.698745 0.466884 -0.237281
v -0.824224 -0.163951 -0.237281
v 0.594234 0.594231 -0.237281
v -0.776402 -0.321599 -0.237281
v 0.466887 0.698743 -0.237281
v -0.698743 -0.466889 -0.237281
v 0.321598 0.776401 -0.237281
v 0.16395 -0.824227 -0.237281
v -0.594231 -0.594236 -0.237281
v 0.163949 0.824223 -0.237281
v 1.54753 -5.10184 0.377733
v 2.51311 -4.70188 0.377733
v 4.12113 -3.38221 0.377733
v 4.70178 -2.51322 0.377733
v 5.30563 0.522554 0.377733
v 5.10173 1.54761 0.377733
v 3.38211 4.12121 0.377733
v 2.51311 4.70186 0.377733
v -0.522663 5.30571 0.377733
v -1.54772 5.10181 0.377733
v -3.3823 4.12121 0.377733
v -4.12132 3.38218 0.377733
v -5.10192 1.5476 0.377733
v -5.30582 0.522549 0.377733
v -4.70196 -2.51322 0.377733
v -4.12131 -3.38222 0.377733
v -2.51329 -4.70189 0.377733
v -1.54771 -5.10184 0.377733
v 0.603062 -1.98835 -0.554632
v 0.979376 -1.83247 -0.554632
v 1.60607 -1.31816 -0.554633
v 1.83237 -0.979483 -0.554633
v 2.0677 0.203645 -0.554633
v 1.98824 0.603139 -0.554633
v 1.31805 1.60615 -0.554633
v 0.979376 1.83244 -0.554632
v -0.203753 2.06778 -0.554633
v -0.603247 1.98832 -0.554632
v -1.31824 1.60615 -0.554632
v -1.60626 1.31813 -0.554632
v -1.98842 0.603137 -0.554632
v -2.06789 0.203643 -0.554632
v -1.83255 -0.979486 -0.554632
v -1.60625 -1.31816 -0.554632
v -0.979558 -1.83247 -0.554632
v -0.603243 -1.98835 -0.554632
v -3.72262 -1.8e-005 -0.08845
v 2.63213 2.63221 -0.08845
v -3.43925 -1.42457 -0.08845
v -1.46682 -1.46588 -0.312355
v -4.91491 2.0352 0.613303
v 1.42446 3.43915 -0.08845
v 0.726136 -3.65101 -0.088449
v -2.63231 -2.63224 -0.088449
v -1.91616 0.793078 -0.312355
v -2.06821 -3.09518 -0.088449
v -9.4e-005 3.72251 -0.08845
v 2.06803 -3.09518 -0.088449
v 2.95377 4.42214 0.613303
v 3.75974 3.76069 0.613303
v 2.63213 -2.63224 -0.08845
v -0.726315 -3.65101 -0.088449
v -1.42464 3.43915 -0.08845
v -1.91616 -0.793401 -0.312355
v -2.06822 3.09515 -0.08845
v 3.43907 -1.42456 -0.08845
v -1.72461 -1.15177 -0.312355
v -3.09526 2.06811 -0.08845
v 3.72243 -1.5e-005 -0.08845
v -3.43926 1.42453 -0.08845
v 5.31754 -0.000159 0.613303
v 2.07172 -0.00016 -0.312355
v 3.43907 1.42453 -0.08845
v 0.407274 -2.04774 -0.773602
v 1.04509 -5.25426 0.158764
v -3.78815 -3.78812 0.158764
v -1.47638 -1.47635 -0.773602
v -0.407367 2.04773 -0.773602
v -4.6e-005 2.08785 -0.773602
v -0.799034 1.92892 -0.773602
v -4.94944 -2.05012 0.158764
v -4.45438 -2.97631 0.158764
v 2.05006 -4.94941 0.158764
v -1.15999 -1.736 -0.773602
v -2.97634 -4.45435 0.158764
v -1.47638 1.47633 -0.773602
v -1.16 1.73598 -0.773602
v 2.97625 -4.45435 0.158764
v -4.8e-005 5.35718 0.158763
v -1.73603 1.15994 -0.773602
v -2.05015 -4.94941 0.158764
v 1.1599 -1.736 -0.773602
v -1.04517 -5.25426 0.158764
v 3.78806 -3.78811 0.158763
v 4.4543 -2.9763 0.158763
v -2.04778 0.40731 -0.773602
v -1.92897 0.798978 -0.773602
v 4.94935 -2.05012 0.158763
v -2.0879 -1e-005 -0.773602
v 1.47629 -1.47634 -0.773602
v -0.407363 -2.04775 -0.773602
v 5.35714 -8e-006 0.158763
v 5.25421 1.04513 0.158763
v -2.05016 4.94939 0.158763
v -1.73603 -1.15996 -0.773602
v -1.92897 -0.798998 -0.773602
v 4.94935 2.0501 0.158763
v 0.798942 -1.92893 -0.773602
v -2.97634 4.45433 0.158763
v 1.92888 -0.798995 -0.773602
v -0.79903 -1.92894 -0.773602
v 3.78806 3.7881 0.158763
v 2.97625 4.45433 0.158763
v 1.73594 -1.15996 -0.773602
v 2.08781 -8e-006 -0.773602
v -1.04518 5.25425 0.158763
v 2.04769 0.407312 -0.773602
v 1.92888 0.798979 -0.773602
v 1.52323 -5.02872 0.848873
v 2.47491 -4.63452 0.848873
v 4.0598 -3.33384 0.848873
v 4.63209 -2.47734 0.848873
v 5.22725 0.514745 0.848872
v 5.02629 1.52505 0.848872
v 3.33141 4.06162 0.848872
v 2.47491 4.63391 0.848873
v -0.51718 5.22908 0.848873
v -1.52749 5.02812 0.848873
v -3.33567 4.06162 0.848873
v -4.06406 3.33323 0.848873
v -5.03055 1.52505 0.848873
v -5.23151 0.514741 0.848873
v -4.63634 -2.47735 0.848873
v -4.06405 -3.33385 0.848873
v -2.47916 -4.63453 0.848873
v -1.52748 -5.02873 0.848873
v 0.592347 -1.96003 -0.070078
v 0.963247 -1.8064 -0.070078
v 1.58092 -1.29948 -0.070078
v 1.80396 -0.965681 -0.070078
v 2.03591 0.200425 -0.070078
v 1.95759 0.594171 -0.070078
v 1.29705 1.58275 -0.070078
v 0.963247 1.80579 -0.070078
v -0.202859 2.03774 -0.070078
v -0.596605 1.95942 -0.070078
v -1.30131 1.58275 -0.070078
v -1.58518 1.29887 -0.070078
v -1.96185 0.594169 -0.070078
v -2.04017 0.200423 -0.070078
v -1.80822 -0.965683 -0.070078
v -1.58518 -1.29948 -0.070078
v -0.967502 -1.8064 -0.070078
v -0.596601 -1.96003 -0.070078
v -3.67109 -0.000308 0.389397
v 2.59222 2.59404 0.389397
v -3.39181 -1.40436 0.389397
v 2.03624 3.05033 0.389397
v -3.05276 -2.03867 0.389398
v 1.40192 3.38937 0.389397
v 0.71365 -3.59877 0.389398
v -2.59647 -2.59466 0.389398
v 1.40192 -3.38998 0.389398
v -2.04049 -3.05094 0.389398
v -0.00213 3.66866 0.389397
v 2.03624 -3.05094 0.389398
v -1.40618 -3.38999 0.389398
v -0.717909 3.59816 0.389397
v 2.59222 -2.59465 0.389397
v -0.717902 -3.59877 0.389398
v -1.40618 3.38937 0.389397
v 3.0485 -2.03867 0.389397
v -2.0405 3.05032 0.389397
v 3.38755 -1.40436 0.389397
v -2.59648 2.59404 0.389397
v -3.05276 2.03806 0.389397
v 3.66683 -0.000304 0.389397
v -3.39181 1.40374 0.389397
v 3.59634 0.715474 0.389397
v -3.60059 0.715472 0.389397
v 3.38755 1.40375 0.389397
v 2.03425 4.91363 0.613303
v -0.794347 -1.91521 -0.312355
v -1.15271 -1.72366 -0.312355
v -0.001112 5.31849 0.613303
v -1.03873 5.21629 0.613303
v -0.405497 -2.03316 -0.312355
v -2.03647 4.91363 0.613303
v 4.91268 2.0352 0.613303
v 1.91394 0.793079 -0.312355
v -5.31976 -0.000164 0.613303
v -2.07395 -0.000162 -0.312355
v -2.956 4.42214 0.613303
v -3.76197 3.76069 0.613303
v 1.4646 1.46555 -0.312355
v -4.42341 2.95472 0.613303
v -4.9149 -2.03552 0.613303
v -5.21757 1.03745 0.613303
v -4.4234 -2.95505 0.613303
v 0.792129 1.91489 -0.312355
v -3.76196 -3.76102 0.613303
v 0.403279 -2.03316 -0.312355
v 1.03651 -5.21661 0.613303
v -2.95599 -4.42246 0.613303
v -2.03646 -4.91395 0.613303
v -1.03872 -5.21662 0.613303
v 0.792129 -1.91521 -0.312355
v 1.1505 -1.72366 -0.312355
v -0.001111 2.07267 -0.312355
v 1.72239 -1.15176 -0.312355
v 1.4646 -1.46588 -0.312355
v 2.95377 -4.42245 0.613303
v 1.91394 -0.793399 -0.312355
v 2.03189 0.40423 -0.312355
v 3.75974 -3.76101 0.613303
v 1.1505 1.72334 -0.312355
v -0.794351 1.91489 -0.312355
v -0.405501 2.03285 -0.312355
v 2.03425 -4.91395 0.613303
v -1.15272 1.72334 -0.312355
v -1.46683 1.46555 -0.312355
v 4.42119 -2.95504 0.613303
v 4.91268 -2.03552 0.613303
v -1.72461 1.15144 -0.312355
v -2.03412 0.404228 -0.312355
v 5.21534 1.03746 0.613303
v 0.042496 -0.431461 -0.477475
v 0.125853 -0.41488 -0.477475
v 0.204373 -0.382356 -0.477475
v 0.27504 -0.335138 -0.477476
v 0.335137 -0.275041 -0.477476
v 0.382355 -0.204374 -0.477476
v 0.414879 -0.125854 -0.477476
v 0.43146 -0.042497 -0.477476
v 0.43146 0.042493 -0.477476
v 0.414879 0.12585 -0.477476
v 0.382355 0.20437 -0.477476
v 0.335137 0.275037 -0.477476
v 0.27504 0.335134 -0.477476
v 0.204373 0.382352 -0.477476
v 0.125853 0.414876 -0.477476
v 0.042496 0.431457 -0.477476
v -0.042494 0.431457 -0.477476
v -0.125851 0.414876 -0.477476
v -0.204371 0.382352 -0.477476
v -0.275038 0.335134 -0.477475
v -0.335135 0.275037 -0.477475
v -0.382353 0.20437 -0.477475
v -0.414877 0.12585 -0.477475
v -0.431458 0.042493 -0.477475
v -0.431457 -0.042497 -0.477475
v -0.414877 -0.125854 -0.477475
v -0.382352 -0.204375 -0.477475
v -0.335134 -0.275041 -0.477475
v -0.275037 -0.335138 -0.477475
v -0.204371 -0.382356 -0.477475
v -0.12585 -0.41488 -0.477475
v -0.042494 -0.431461 -0.477475
v 0.530486 -0.35446 -0.477476
v 0.589444 -0.244157 -0.477476
v -0.354458 0.530482 -0.477476
v -0.451139 0.451138 -0.477476
v 0.62575 -0.124471 -0.477476
v -0.530484 0.354456 -0.477476
v 0.638009 -2e-006 -0.477476
v -0.589442 0.244153 -0.477475
v 0.62575 0.124467 -0.477476
v -0.625748 0.124467 -0.477475
v 0.589444 0.244153 -0.477476
v -0.638007 -3e-006 -0.477475
v 0.530486 0.354456 -0.477476
v -0.625748 -0.124472 -0.477475
v 0.451141 0.451138 -0.477476
v -0.589442 -0.244158 -0.477475
v 0.35446 0.530483 -0.477476
v -0.530483 -0.354461 -0.477475
v 0.244156 0.589441 -0.477476
v 1e-006 -0.63801 -0.477475
v 0.12447 -0.625751 -0.477475
v -0.451138 -0.451142 -0.477475
v 0.12447 0.625747 -0.477476
v 0.244156 -0.589445 -0.477475
v -0.354457 -0.530487 -0.477475
v 1e-006 0.638006 -0.477476
v 0.35446 -0.530486 -0.477475
v -0.244153 -0.589445 -0.477475
v -0.124468 0.625747 -0.477476
v 0.451141 -0.451142 -0.477476
v -0.124467 -0.625751 -0.477475
v -0.244154 0.589441 -0.477476
v 0.042496 -0.431461 0.168168
v 0.125853 -0.41488 0.168168
v 0.204373 -0.382356 0.168168
v 0.27504 -0.335138 0.168168
v 0.335137 -0.275041 0.168168
v 0.382355 -0.204374 0.168168
v 0.414879 -0.125854 0.168168
v 0.43146 -0.042497 0.168168
v 0.43146 0.042493 0.168168
v 0.414879 0.12585 0.168168
v 0.382355 0.20437 0.168168
v 0.335137 0.275037 0.168168
v 0.27504 0.335134 0.168168
v 0.204373 0.382352 0.168168
v 0.125853 0.414876 0.168168
v 0.042496 0.431457 0.168168
v -0.042494 0.431457 0.168168
v -0.125851 0.414876 0.168168
v -0.204371 0.382352 0.168168
v -0.275038 0.335134 0.168168
v -0.335135 0.275037 0.168168
v -0.382353 0.20437 0.168168
v -0.414877 0.12585 0.168168
v -0.431457 0.042493 0.168168
v -0.431457 -0.042497 0.168168
v -0.414877 -0.125854 0.168168
v -0.382352 -0.204375 0.168168
v -0.335134 -0.275041 0.168168
v -0.275037 -0.335138 0.168168
v -0.204371 -0.382356 0.168168
v -0.12585 -0.41488 0.168168
v -0.042493 -0.431461 0.168168
v -0.308046 0.308045 -0.154654
v -0.362224 0.242029 -0.154654
v 0.427274 -0.084992 -0.154654
v 0.435645 -2e-006 -0.154654
v -0.402482 0.166711 -0.154654
v 0.427274 0.084988 -0.154654
v -0.427272 0.084988 -0.154654
v 0.402484 0.166712 -0.154654
v -0.435643 -2e-006 -0.154654
v 0.362226 0.242029 -0.154654
v -0.427272 -0.084992 -0.154654
v 0.308048 0.308045 -0.154654
v -0.402481 -0.166716 -0.154654
v 0.242032 0.362223 -0.154654
v -0.362223 -0.242033 -0.154654
v 0.166715 0.402481 -0.154654
v 1e-006 -0.435646 -0.154654
v 0.084991 -0.427275 -0.154654
v -0.308045 -0.308049 -0.154654
v 0.084991 0.427271 -0.154654
v 0.166715 -0.402485 -0.154654
v -0.242029 -0.362227 -0.154654
v 1e-006 0.435642 -0.154654
v 0.242032 -0.362227 -0.154654
v -0.166712 -0.402485 -0.154654
v -0.084989 0.427271 -0.154654
v 0.308048 -0.308049 -0.154654
v -0.084988 -0.427275 -0.154654
v -0.166713 0.40248 -0.154654
v 0.362226 -0.242033 -0.154654
v -0.24203 0.362223 -0.154654
v 0.402484 -0.166716 -0.154654
v 0.414879 -0.125854 -0.154654
v -0.275038 0.335134 -0.154654
v 0.382355 -0.204374 -0.154654
v -0.204371 0.382352 -0.154654
v -0.042494 -0.431461 -0.154654
v 0.335137 -0.275041 -0.154654
v -0.125851 0.414876 -0.154654
v -0.12585 -0.41488 -0.154654
v 0.27504 -0.335138 -0.154654
v -0.042494 0.431457 -0.154654
v -0.204371 -0.382356 -0.154654
v 0.204373 -0.382356 -0.154654
v 0.042496 0.431457 -0.154654
v -0.275037 -0.335138 -0.154654
v 0.125853 -0.41488 -0.154654
v 0.125853 0.414876 -0.154654
v -0.335134 -0.275041 -0.154654
v 0.042496 -0.431461 -0.154654
v 0.204373 0.382352 -0.154654
v -0.382352 -0.204375 -0.154654
v 0.27504 0.335134 -0.154654
v -0.414877 -0.125854 -0.154654
v 0.335137 0.275037 -0.154654
v -0.431457 -0.042497 -0.154654
v 0.382355 0.20437 -0.154654
v -0.431457 0.042493 -0.154654
v 0.414879 0.12585 -0.154654
v -0.414877 0.12585 -0.154654
v 0.43146 0.042493 -0.154654
v -0.382353 0.20437 -0.154654
v 0.43146 -0.042497 -0.154654
v -0.299306 0.559962 -0.477476
v -0.062233 -0.631881 -0.477475
v 0.490813 -0.402801 -0.477476
v -0.184311 0.607594 -0.477476
v -0.18431 -0.607598 -0.477475
v 0.4028 -0.490814 -0.477476
v -0.062234 0.631877 -0.477476
v -0.299305 -0.559966 -0.477475
v 0.299308 -0.559966 -0.477475
v 0.062235 0.631877 -0.477476
v -0.402797 -0.490815 -0.477475
v 0.184313 -0.607598 -0.477475
v 0.184313 0.607594 -0.477476
v -0.490811 -0.402802 -0.477475
v 0.062236 -0.631881 -0.477475
v 0.299308 0.559962 -0.477476
v -0.559962 -0.299309 -0.477475
v 0.4028 0.49081 -0.477476
v -0.607595 -0.184315 -0.477475
v 0.490813 0.402797 -0.477476
v -0.631878 -0.062237 -0.477475
v 0.559965 0.299305 -0.477476
v -0.631878 0.062232 -0.477475
v 0.607597 0.18431 -0.477476
v -0.607595 0.18431 -0.477475
v 0.63188 0.062233 -0.477476
v -0.559963 0.299304 -0.477475
v 0.63188 -0.062237 -0.477476
v -0.490811 0.402797 -0.477476
v 0.607597 -0.184314 -0.477476
v -0.402798 0.49081 -0.477476
v -0.335135 0.275037 -0.154654
v 5.06401 1.53633 0.613303
v -2.05403 0.202033 -0.312355
v -3.07401 2.05308 0.150474
v 5.26644 0.518649 0.613303
v -1.97514 0.598653 -0.312355
v 4.66693 -2.49528 0.613303
v -1.59572 1.3085 -0.312355
v 3.41331 -1.41446 0.150474
v 4.09047 -3.35803 0.613303
v -1.30977 1.59445 -0.312355
v -2.05436 3.07274 0.150474
v 2.49401 -4.6682 0.613303
v -0.599926 1.97387 -0.312355
v 1.53538 -5.06528 0.613303
v -0.203306 2.05276 -0.312355
v -1.41541 3.41426 0.150474
v 0.971312 1.81911 -0.312355
v -0.722109 -3.62489 0.150474
v 1.30755 1.59445 -0.312355
v 2.61217 -2.61344 0.150474
v 1.97292 0.598655 -0.312355
v 2.05181 0.202035 -0.312355
v 1.81816 -0.972582 -0.312355
v 2.05213 -3.07306 0.150474
v 1.5935 -1.30882 -0.312355
v -0.001112 3.69558 0.150474
v 0.971312 -1.81943 -0.312355
v -2.05435 -3.07306 0.150474
v 0.597704 -1.97419 -0.312355
v -1.53759 -5.06528 0.613303
v -2.61439 -2.61345 0.150474
v -2.49623 -4.66821 0.613303
v 0.719893 -3.62489 0.150474
v -4.09268 -3.35803 0.613303
v 1.41319 3.41426 0.150474
v -4.66915 -2.49529 0.613303
v -3.63584 0.357582 0.389397
v 3.49194 1.05961 0.389397
v -3.4962 1.05961 0.389397
v 3.63158 0.357585 0.389397
v -2.82462 2.31605 0.389397
v -2.31849 2.82218 0.389397
v 3.21803 -1.72151 0.389397
v 2.82036 -2.31666 0.389397
v -1.06204 3.49377 0.389397
v -1.06204 -3.49438 0.389398
v -0.36002 3.63341 0.389397
v -1.72333 -3.22046 0.389398
v 1.71908 -3.22046 0.389398
v 1.05779 -3.49438 0.389398
v -2.82462 -2.31666 0.389397
v 1.71908 3.21985 0.389397
v -3.22228 -1.72152 0.389397
v 2.31423 2.82219 0.389397
v 3.43912 1.42454 -0.30742
v -3.38225 4.12121 0.158763
v -3.43921 -1.42456 -0.307419
v 1.98829 0.603145 -0.773602
v 2.63217 2.63221 -0.30742
v -1.54767 5.10182 0.158763
v 2.06775 0.203652 -0.773602
v -3.43921 1.42454 -0.307419
v -0.522616 5.30572 0.158763
v 3.72248 -8e-006 -0.30742
v -3.72257 -1.1e-005 -0.307419
v -3.09521 2.06811 -0.307419
v 1.83241 -0.979477 -0.773602
v 2.51315 4.70186 0.158763
v 1.60612 -1.31815 -0.773602
v -0.603196 -1.98834 -0.773602
v 3.38215 4.12122 0.158763
v -0.979512 -1.83247 -0.773602
v 3.43912 -1.42455 -0.307419
v 0.979423 -1.83247 -0.773602
v -2.06817 3.09516 -0.307419
v 0.603108 -1.98834 -0.773602
v -1.60621 -1.31815 -0.773602
v 5.10178 1.54761 0.158763
v -1.8325 -0.979479 -0.773602
v -1.42459 3.43915 -0.307419
v 5.30568 0.52256 0.158763
v -0.726268 -3.651 -0.307419
v 2.63217 -2.63223 -0.307419
v -2.06784 0.20365 -0.773602
v 4.70183 -2.51321 0.158763
v -1.98838 0.603144 -0.773602
v 4.12118 -3.38221 0.158763
v -1.54766 -5.10183 0.158764
v 2.06808 -3.09517 -0.307419
v -2.51324 -4.70188 0.158764
v 3.69463 -0.000159 0.150474
v -1.82038 -0.972584 -0.312355
v 3.35676 4.09142 0.613303
v -3.41553 1.41414 0.150474
v -1.59572 -1.30882 -0.312355
v 2.49401 4.66789 0.613303
v -0.97353 -1.81944 -0.312355
v -0.519921 5.26739 0.613303
v -0.599922 -1.97419 -0.312355
v -1.5376 5.06496 0.613303
v 3.41331 1.41414 0.150474
v -3.69685 -0.000163 0.150474
v -3.35898 4.09141 0.613303
v 2.61217 2.61313 0.150474
v -4.09269 3.35771 0.613303
v -3.41553 -1.41446 0.150474
v -5.06624 1.53632 0.613303
v -5.26866 0.518645 0.613303
v 0.081975 0.832297 -0.237281
v -0.530558 -0.646491 -0.237281
v 0.242774 -0.800316 -0.237281
v 0.242773 0.800312 -0.237281
v -0.646487 -0.530562 -0.237281
v 0.081975 -0.832301 -0.237281
v 0.394242 0.737572 -0.237281
v -0.737572 -0.394244 -0.237281
v 0.530561 0.646487 -0.237281
v -0.800313 -0.242775 -0.237281
v 0.64649 0.530558 -0.237281
v -0.832298 -0.081977 -0.237281
v 0.737575 0.394239 -0.237281
v -0.832298 0.081972 -0.237281
v 0.800315 0.242771 -0.237281
v -0.800313 0.24277 -0.237281
v 0.8323 0.081972 -0.237281
v -0.737573 0.394239 -0.237281
v 0.8323 -0.081976 -0.237281
v -0.646488 0.530557 -0.237281
v 0.800315 -0.242774 -0.237281
v -0.530559 0.646487 -0.237281
v 0.737575 -0.394243 -0.237281
v -0.394241 0.737572 -0.237281
v -0.081973 -0.832301 -0.237281
v 0.64649 -0.530561 -0.237281
v -0.242772 0.800312 -0.237281
v -0.24277 -0.800316 -0.237281
v 0.530561 -0.646491 -0.237281
v -0.081974 0.832297 -0.237281
v -0.394239 -0.737576 -0.237281
v 0.559965 -0.299309 -0.477476
v 0.639022 0.778647 0.002913
v -0.963919 -0.292405 0.002913
v 0.77865 0.639019 0.002913
v -1.00244 -0.098735 0.002913
v 0.888355 0.474833 0.002913
v -1.00244 0.098729 0.002913
v 0.963921 0.2924 0.002913
v -0.963919 0.292399 0.002913
v 1.00244 0.09873 0.002913
v -0.888353 0.474833 0.002913
v 1.00244 -0.098734 0.002913
v -0.778648 0.639018 0.002913
v 0.963921 -0.292404 0.002913
v -0.63902 0.778646 0.002913
v 0.888355 -0.474837 0.002913
v -0.474834 0.888352 0.002913
v -0.09873 -1.00244 0.002913
v 0.77865 -0.639022 0.002913
v -0.292401 0.963918 0.002913
v -0.292399 -0.963922 0.002913
v 0.639022 -0.778651 0.002913
v -0.098731 1.00244 0.002913
v -0.474833 -0.888356 0.002913
v 0.474836 -0.888356 0.002913
v 0.098733 1.00244 0.002913
v -0.639018 -0.778651 0.002913
v 0.292403 -0.963922 0.002913
v 0.292403 0.963918 0.002913
v -0.778647 -0.639023 0.002913
v 0.098733 -1.00244 0.002913
v 0.474836 0.888352 0.002913
v 0.394242 -0.737576 -0.237281
v 1.12753 0.342029 -0.494829
v -1.12752 0.342029 -0.494829
v 1.17259 0.115488 -0.494829
v -1.03913 0.555426 -0.494829
v 1.17259 -0.115492 -0.494829
v -0.910808 0.747479 -0.494829
v 1.12753 -0.342033 -0.494829
v -0.747481 0.910806 -0.494829
v 1.03913 -0.55543 -0.494829
v -0.555428 1.03913 -0.494829
v -0.115488 -1.17259 -0.494829
v 0.91081 -0.747483 -0.494829
v -0.342031 1.12752 -0.494829
v -0.342029 -1.12753 -0.494829
v 0.747482 -0.91081 -0.494829
v -0.115489 1.17259 -0.494829
v -0.555426 -1.03914 -0.494829
v 0.55543 -1.03914 -0.494829
v 0.11549 1.17259 -0.494829
v -0.747479 -0.910811 -0.494829
v 0.342032 -1.12753 -0.494829
v 0.342032 1.12752 -0.494829
v -0.910807 -0.747484 -0.494829
v 0.115491 -1.17259 -0.494829
v 0.55543 1.03913 -0.494829
v -1.03913 -0.555432 -0.494829
v 0.747482 0.910807 -0.494829
v -1.12752 -0.342034 -0.494829
v 0.91081 0.747479 -0.494829
v -1.17259 -0.115493 -0.494829
v 1.03913 0.555427 -0.494829
v -0.888352 -0.474838 0.002913
v 1.55793 -0.472594 -0.992572
v -1.03281 1.25848 -0.992572
v 1.4358 -0.76745 -0.992572
v -0.767448 1.43579 -0.992572
v -0.159573 -1.62019 -0.992572
v 1.25849 -1.03281 -0.992572
v -0.472592 1.55793 -0.992572
v -0.472589 -1.55793 -0.992572
v 1.03281 -1.25849 -0.992572
v -0.159575 1.62019 -0.992572
v -0.767446 -1.4358 -0.992572
v 0.76745 -1.4358 -0.992572
v 0.159575 1.62019 -0.992572
v -1.03281 -1.25849 -0.992572
v 0.472593 -1.55793 -0.992572
v 0.472593 1.55793 -0.992572
v -1.25848 -1.03281 -0.992572
v 0.159576 -1.62019 -0.992572
v 0.767449 1.43579 -0.992572
v -1.43579 -0.767452 -0.992572
v 1.03281 1.25848 -0.992572
v -1.55793 -0.472596 -0.992572
v 1.25849 1.03281 -0.992572
v -1.62019 -0.159578 -0.992572
v 1.4358 0.767447 -0.992572
v -1.62019 0.159572 -0.992572
v 1.55793 0.472591 -0.992572
v -1.55793 0.47259 -0.992572
v 1.62019 0.159573 -0.992572
v -1.43579 0.767446 -0.992572
v 1.62019 -0.159577 -0.992572
v -1.17259 0.115487 -0.494829
v 3.26716 1.74633 -0.526389
v -4.12127 3.38219 0.158763
v 1.3181 1.60615 -0.773602
v 1.4245 3.43916 -0.307419
v 0.979423 1.83245 -0.773602
v -3.26716 1.74633 -0.526389
v 3.68676 -0.363115 -0.526389
v -5.10187 1.54761 0.158764
v 3.54508 -1.07539 -0.526389
v -5.30577 0.522556 0.158764
v 0.726182 -3.651 -0.307419
v -1.74634 3.26716 -0.526389
v -0.363111 -3.68676 -0.526389
v -2.63226 -2.63223 -0.307419
v -0.203707 2.06779 -0.773602
v -0.6032 1.98832 -0.773602
v 2.35017 -2.86369 -0.526389
v -4.70191 -2.51322 0.158764
v -4.12126 -3.38221 0.158764
v 1.54758 -5.10183 0.158764
v 0.363114 3.68676 -0.526389
v -2.35017 -2.8637 -0.526389
v -2.06816 -3.09518 -0.307419
v 1.07539 3.54508 -0.526389
v -1.31819 1.60615 -0.773602
v 0.363115 -3.68676 -0.526389
v 2.51316 -4.70188 0.158764
v -4.7e-005 3.72252 -0.307419
v -1.60621 1.31813 -0.773602
v -3.54508 -1.07539 -0.526389
v 2.86369 2.35017 -0.526389
v -1.25848 1.03281 -0.992572
v 0.691583 -7.02176 3.51377
v 3.32605 6.22261 3.51377
v -6.2226 -3.32606 3.51377
v 4.47611 5.45416 3.51377
v -6.75192 -2.04818 3.51377
v 5.45416 4.47611 3.51377
v -7.02176 -0.69159 3.51377
v 6.22261 3.32605 3.51377
v -7.02176 0.691577 3.51377
v 6.75192 2.04817 3.51377
v -6.75192 2.04817 3.51377
v 7.02176 0.691583 3.51377
v -6.22261 3.32605 3.51377
v 7.02176 -0.691584 3.51377
v -5.45416 4.47611 3.51377
v 6.75192 -2.04817 3.51377
v -4.47612 5.45416 3.51377
v 6.22261 -3.32605 3.51377
v -3.32606 6.2226 3.51377
v -0.691578 -7.02176 3.51377
v 5.45416 -4.47611 3.51377
v -2.04818 6.75192 3.51377
v -2.04816 -6.75192 3.51377
v 4.47611 -5.45416 3.51377
v -0.691586 7.02176 3.51377
v -3.32604 -6.22261 3.51377
v 3.32605 -6.22261 3.51377
v 0.691581 7.02176 3.51377
v -4.47611 -5.45416 3.51377
v 2.04817 -6.75192 3.51377
v 2.04817 6.75192 3.51377
v -6.75192 -2.04818 2.00905
v -0.691586 7.02176 2.00905
v 7.02176 -0.691584 2.00905
v -3.32604 -6.22261 2.00905
v -5.45416 4.47611 2.00905
v 5.45416 4.47611 2.00905
v 3.32605 -6.22261 2.00905
v -7.02176 -0.69159 2.00905
v 0.691581 7.02176 2.00905
v 6.75192 -2.04817 2.00905
v -4.47611 -5.45416 2.00905
v -4.47612 5.45416 2.00905
v 6.22261 3.32605 2.00905
v 2.04817 -6.75192 2.00905
v -7.02176 0.691577 2.00905
v 2.04817 6.75192 2.00905
v 6.22261 -3.32605 2.00905
v -5.45415 -4.47612 2.00905
v -3.32606 6.2226 2.00905
v 6.75192 2.04817 2.00905
v -0.691578 -7.02176 2.00905
v 0.691583 -7.02176 2.00905
v -6.75192 2.04817 2.00905
v 3.32605 6.22261 2.00905
v 5.45416 -4.47611 2.00905
v -6.2226 -3.32606 2.00905
v -2.04818 6.75192 2.00905
v 7.02176 0.691583 2.00905
v -2.04816 -6.75192 2.00905
v -6.22261 3.32605 2.00905
v 4.47611 5.45416 2.00905
v -5.45415 -4.47612 3.51377
v 5.30572 -0.522569 -0.651965
v -4.12122 3.3822 -0.651965
v 5.10183 -1.54762 -0.651965
v -3.3822 4.12122 -0.651965
v 4.70187 -2.5132 -0.651965
v -2.5132 4.70187 -0.651965
v -0.522564 -5.30572 -0.651964
v 4.12122 -3.3822 -0.651965
v -1.54762 5.10183 -0.651965
v -1.54761 -5.10183 -0.651964
v 3.3822 -4.12122 -0.651964
v -0.522569 5.30572 -0.651965
v -2.5132 -4.70187 -0.651964
v 2.5132 -4.70187 -0.651964
v 0.522567 5.30572 -0.651965
v -3.38219 -4.12123 -0.651964
v 1.54762 -5.10183 -0.651964
v 1.54762 5.10183 -0.651965
v -4.12122 -3.38221 -0.651964
v 0.522569 -5.30572 -0.651964
v 2.5132 4.70187 -0.651965
v -4.70187 -2.51321 -0.651964
v 3.3822 4.12122 -0.651965
v -5.10182 -1.54763 -0.651964
v 4.12122 3.3822 -0.651965
v -5.30572 -0.522574 -0.651964
v 4.70187 2.5132 -0.651965
v -5.30572 0.522563 -0.651964
v 5.10183 1.54762 -0.651965
v -5.10183 1.54762 -0.651965
v 5.30572 0.522567 -0.651965
v -3.68676 -0.363119 -0.526389
v 6.16374 -0.607076 -1.24372
v -2.91962 -5.46224 -1.24372
v -4.78769 3.92915 -1.24372
v 4.78769 3.92916 -1.24372
v 2.91963 -5.46224 -1.24372
v -6.16374 -0.607082 -1.24372
v 0.607074 6.16374 -1.24372
v 5.92687 -1.7979 -1.24372
v -3.92915 -4.7877 -1.24372
v -3.92916 4.78769 -1.24372
v 5.46224 2.91963 -1.24372
v 1.7979 -5.92687 -1.24372
v -6.16374 0.60707 -1.24372
v 1.7979 5.92687 -1.24372
v 5.46224 -2.91963 -1.24372
v -4.78769 -3.92916 -1.24372
v -2.91963 5.46224 -1.24372
v 5.92687 1.7979 -1.24372
v -0.607071 -6.16374 -1.24372
v 0.607076 -6.16374 -1.24372
v -5.92688 1.79789 -1.24372
v 2.91963 5.46224 -1.24372
v 4.78769 -3.92916 -1.24372
v -5.46223 -2.91963 -1.24372
v -1.7979 5.92687 -1.24372
v 6.16374 0.607075 -1.24372
v -1.79789 -5.92688 -1.24372
v -5.46224 2.91962 -1.24372
v 3.92916 4.78769 -1.24372
v 3.92916 -4.78769 -1.24372
v -5.92687 -1.7979 -1.24372
v -4.70187 2.5132 -0.651965
v 4.47611 -5.45416 2.00905
v -0.691578 -7.02176 0
v -2.04816 -6.75192 0
v -0.607078 6.16374 -1.24372
v -3.32604 -6.22261 0
v -4.47611 -5.45416 0
v -5.45415 -4.47612 0
v -6.2226 -3.32606 0
v -6.75192 -2.04818 0
v -7.02176 -0.69159 0
v -7.02176 0.691577 -0
v -6.75192 2.04817 -0
v -6.22261 3.32605 -0
v -5.45416 4.47611 -0
v -4.47612 5.45416 -0
v -3.32606 6.2226 -0
v -2.04818 6.75192 -0
v -0.691586 7.02176 -0
v 0.691581 7.02176 -0
v 2.04817 6.75192 -0
v 3.32605 6.22261 -0
v 4.47611 5.45416 -0
v 5.45416 4.47611 -1e-006
v 6.22261 3.32605 -1e-006
v 6.75192 2.04817 -1e-006
v 7.02176 0.691583 -0
v 7.02176 -0.691584 -0
v 6.75192 -2.04817 -0
v 6.22261 -3.32605 -0
v 5.45416 -4.47611 -0
v 4.47611 -5.45416 0
v 3.32605 -6.22261 0
v 2.04817 -6.75192 0
v 0.691583 -7.02176 0
v 0.600809 -6.10012 4.26244
v 1.20162 -6.04094 4.26244
v 1.77934 -5.86569 4.26244
v 2.35706 -5.69044 4.26244
v 2.88949 -5.40585 4.26244
v 3.42192 -5.12126 4.26244
v 3.8886 -4.73827 4.26244
v 4.35528 -4.35528 4.26244
v 4.73827 -3.8886 4.26244
v 5.12126 -3.42192 4.26244
v 5.40585 -2.88949 4.26244
v 5.69044 -2.35706 4.26244
v 5.86569 -1.77934 4.26244
v 6.04094 -1.20162 4.26244
v 6.10012 -0.60081 4.26244
v 6.15929 -1e-006 4.26244
v 6.10012 0.600808 4.26244
v 6.04094 1.20162 4.26244
v 5.86569 1.77934 4.26244
v 5.69044 2.35706 4.26244
v 5.40585 2.88949 4.26244
v 5.12126 3.42192 4.26244
v 4.73827 3.8886 4.26244
v 4.35528 4.35528 4.26244
v 3.8886 4.73827 4.26244
v 3.42192 5.12126 4.26244
v 2.88949 5.40585 4.26244
v 2.35706 5.69044 4.26244
v 1.77934 5.86569 4.26244
v 1.20162 6.04094 4.26244
v 0.600807 6.10012 4.26244
v -2e-006 6.15929 4.26244
v -0.600811 6.10012 4.26244
v -1.20162 6.04094 4.26244
v -1.77934 5.86569 4.26244
v -2.35706 5.69044 4.26244
v -2.88949 5.40585 4.26244
v -3.42192 5.12126 4.26244
v -3.8886 4.73827 4.26244
v -4.35528 4.35527 4.26244
v -4.73827 3.8886 4.26244
v -5.12127 3.42192 4.26244
v -5.40586 2.88948 4.26244
v -5.69045 2.35705 4.26244
v -5.86569 1.77933 4.26244
v -6.04094 1.20161 4.26244
v -6.10012 0.600803 4.26244
v -6.15929 -6e-006 4.26244
v -6.10012 -0.600815 4.26244
v -6.04094 -1.20162 4.26244
v -5.86569 -1.77935 4.26244
v -5.69044 -2.35706 4.26244
v -5.40585 -2.88949 4.26244
v -5.12126 -3.42193 4.26244
v -4.73827 -3.8886 4.26244
v -4.35527 -4.35528 4.26244
v -3.88859 -4.73828 4.26244
v -3.42191 -5.12127 4.26244
v -2.88948 -5.40586 4.26244
v -2.35705 -5.69045 4.26244
v -1.77933 -5.8657 4.26244
v -1.20161 -6.04095 4.26244
v -0.600805 -6.10012 4.26244
v -0 -6.15929 4.26244
v 0.600809 -6.10012 3.87331
v 1.20162 -6.04094 3.87331
v 1.77934 -5.86569 3.87331
v 2.35706 -5.69044 3.87331
v 2.88949 -5.40585 3.87331
v 3.42192 -5.12126 3.87331
v 3.8886 -4.73827 3.87331
v 4.35528 -4.35528 3.87331
v 4.73827 -3.8886 3.87331
v 5.12126 -3.42192 3.87331
v 5.40585 -2.88949 3.87331
v 5.69044 -2.35706 3.87331
v 5.86569 -1.77934 3.87331
v 6.04094 -1.20162 3.87331
v 6.10012 -0.60081 3.87331
v 6.15929 -1e-006 3.87331
v 6.10012 0.600808 3.87331
v 6.04094 1.20162 3.87331
v 5.86569 1.77934 3.87331
v 5.69044 2.35706 3.87331
v 5.40585 2.88949 3.87331
v 5.12126 3.42192 3.87331
v 4.73827 3.8886 3.87331
v 4.35528 4.35528 3.87331
v 3.8886 4.73827 3.87331
v 3.42192 5.12126 3.87331
v 2.88949 5.40585 3.87331
v 2.35706 5.69044 3.87331
v 1.77934 5.86569 3.87331
v 1.20162 6.04094 3.87331
v 0.600807 6.10012 3.87331
v -2e-006 6.15929 3.87331
v -0.600811 6.10012 3.87331
v -1.20162 6.04094 3.87331
v -1.77934 5.86569 3.87331
v -2.35706 5.69044 3.87331
v -2.88949 5.40585 3.87331
v -3.42192 5.12126 3.87331
v -3.8886 4.73827 3.87331
v -4.35528 4.35527 3.87331
v -4.73827 3.8886 3.87331
v -5.12127 3.42192 3.87331
v -5.40586 2.88948 3.87331
v -5.69045 2.35705 3.87331
v -5.86569 1.77933 3.87331
v -6.04094 1.20161 3.87331
v -6.10012 0.600803 3.87331
v -6.15929 -6e-006 3.87331
v -6.10012 -0.600815 3.87331
v -6.04094 -1.20162 3.87331
v -5.86569 -1.77935 3.87331
v -5.69044 -2.35706 3.87331
v -5.40585 -2.88949 3.87331
v -5.12126 -3.42193 3.87331
v -4.73827 -3.8886 3.87331
v -4.35527 -4.35528 3.87331
v -3.88859 -4.73828 3.87331
v -3.42191 -5.12127 3.87331
v -2.88948 -5.40586 3.87331
v -2.35705 -5.69045 3.87331
v -1.77933 -5.8657 3.87331
v -1.20161 -6.04095 3.87331
v -0.600805 -6.10012 3.87331
v -0 -6.15929 3.87331
vn 0.098 -0.9952 0
vn 0.0693 -0.7037 -0.7071
vn 0.142 -0.7139 -0.6857
vn 0.1951 -0.9808 0
vn 0.2903 -0.9569 -0
vn 0.2053 -0.6767 -0.7071
vn 0.2786 -0.6725 -0.6857
vn 0.3827 -0.9239 0
vn 0.4714 -0.8819 0
vn 0.3333 -0.6236 -0.7071
vn 0.4044 -0.6052 -0.6857
vn 0.5556 -0.8315 0
vn 0.6344 -0.773 0
vn 0.4486 -0.5466 -0.7071
vn 0.5147 -0.5147 -0.6857
vn 0.7071 -0.7071 0
vn 0.773 -0.6344 0
vn 0.5466 -0.4486 -0.7071
vn 0.6052 -0.4044 -0.6857
vn 0.8315 -0.5556 0
vn 0.8819 -0.4714 0
vn 0.6236 -0.3333 -0.7071
vn 0.6725 -0.2786 -0.6857
vn 0.9239 -0.3827 0
vn 0.9569 -0.2903 0
vn 0.6767 -0.2053 -0.7071
vn 0.7139 -0.142 -0.6857
vn 0.9808 -0.1951 0
vn 0.9952 -0.098 0
vn 0.7037 -0.0693 -0.7071
vn 0.7279 0 -0.6857
vn 1 -0 0
vn 0.9952 0.098 0
vn 0.7037 0.0693 -0.7071
vn 0.7139 0.142 -0.6857
vn 0.9808 0.1951 0
vn 0.9569 0.2903 0
vn 0.6767 0.2053 -0.7071
vn 0.6725 0.2786 -0.6857
vn 0.9239 0.3827 0
vn 0.8819 0.4714 0
vn 0.6236 0.3333 -0.7071
vn 0.6052 0.4044 -0.6857
vn 0.8315 0.5556 0
vn 0.773 0.6344 0
vn 0.5466 0.4486 -0.7071
vn 0.5147 0.5147 -0.6857
vn 0.7071 0.7071 0
vn 0.6344 0.773 0
vn 0.4486 0.5466 -0.7071
vn 0.4044 0.6052 -0.6857
vn 0.5556 0.8315 0
vn 0.4714 0.8819 0
vn 0.3333 0.6236 -0.7071
vn 0.2786 0.6725 -0.6857
vn 0.3827 0.9239 0
vn 0.2903 0.9569 0
vn 0.2053 0.6767 -0.7071
vn 0.142 0.7139 -0.6857
vn 0.1951 0.9808 0
vn 0.098 0.9952 -0
vn 0.0693 0.7037 -0.7071
vn -0 0.7279 -0.6857
vn -0 1 -0
vn -0.098 0.9952 0
vn -0.0693 0.7037 -0.7071
vn -0.142 0.7139 -0.6857
vn -0.1951 0.9808 0
vn -0.2903 0.9569 -0
vn -0.2053 0.6767 -0.7071
vn -0.2786 0.6725 -0.6857
vn -0.3827 0.9239 -0
vn -0.4714 0.8819 -0
vn -0.3333 0.6236 -0.7071
vn -0.4044 0.6052 -0.6857
vn -0.5556 0.8315 -0
vn -0.6344 0.773 -0
vn -0.4486 0.5466 -0.7071
vn -0.5147 0.5147 -0.6857
vn -0.7071 0.7071 -0
vn -0.773 0.6344 -0
vn -0.5466 0.4486 -0.7071
vn -0.6052 0.4044 -0.6857
vn -0.8315 0.5556 -0
vn -0.8819 0.4714 -0
vn -0.6236 0.3333 -0.7071
vn -0.6725 0.2785 -0.6857
vn -0.9239 0.3827 -0
vn -0.9569 0.2903 -0
vn -0.6767 0.2053 -0.7071
vn -0.7139 0.142 -0.6857
vn -0.9808 0.1951 -0
vn -0.9952 0.098 -0
vn -0.7037 0.0693 -0.7071
vn -0.7279 -0 -0.6857
vn -1 -0 -0
vn -0.9952 -0.098 -0
vn -0.7037 -0.0693 -0.7071
vn -0.7139 -0.142 -0.6857
vn -0.9808 -0.1951 -0
vn -0.9569 -0.2903 -0
vn -0.6767 -0.2053 -0.7071
vn -0.6725 -0.2786 -0.6857
vn -0.9239 -0.3827 -0
vn -0.8819 -0.4714 -0
vn -0.6236 -0.3333 -0.7071
vn -0.6052 -0.4044 -0.6857
vn -0.8315 -0.5556 -0
vn -0.773 -0.6344 -0
vn -0.5466 -0.4486 -0.7071
vn -0.5147 -0.5147 -0.6857
vn -0.7071 -0.7071 -0
vn -0.6344 -0.773 -0
vn -0.4486 -0.5466 -0.7071
vn -0.4044 -0.6052 -0.6857
vn -0.5556 -0.8315 -0
vn -0.4714 -0.8819 -0
vn -0.3333 -0.6236 -0.7071
vn -0.2785 -0.6725 -0.6857
vn -0.3827 -0.9239 -0
vn -0 -0 -1
vn 0 -0.6836 -0.7298
vn -0.2903 -0.9569 -0
vn -0.2053 -0.6767 -0.7071
vn -0.142 -0.7139 -0.6857
vn -0.1951 -0.9808 -0
vn -0.098 -0.9952 -0
vn -0.0693 -0.7037 -0.7071
vn 0 -0.7279 -0.6857
vn 0 -1 0
vn 0.9323 -0.209 -0.2951
vn 0.5308 -0.2837 -0.7986
vn 0.6705 0.1334 -0.7298
vn -0.3798 0.5684 -0.7298
vn -0.4834 -0.4834 -0.7298
vn 0.5684 -0.3798 -0.7298
vn 0.2616 0.6316 -0.7298
vn -0.6836 0 -0.7298
vn 0.1334 -0.6705 -0.7298
vn 0.6316 0.2616 -0.7298
vn -0.4834 0.4834 -0.7298
vn -0.3798 -0.5684 -0.7298
vn 0.6316 -0.2616 -0.7298
vn -0 0.6836 -0.7298
vn 0.1334 0.6705 -0.7298
vn -0.6705 -0.1334 -0.7298
vn 0.2616 -0.6316 -0.7298
vn 0.5684 0.3798 -0.7298
vn -0.5684 0.3798 -0.7298
vn -0.2616 -0.6316 -0.7298
vn 0.6705 -0.1334 -0.7298
vn -0.1334 0.6705 -0.7298
vn -0.6316 -0.2616 -0.7298
vn 0.3798 -0.5684 -0.7298
vn 0.4834 0.4834 -0.7298
vn -0.6316 0.2616 -0.7298
vn -0.1334 -0.6705 -0.7298
vn 0.6836 0 -0.7298
vn -0.2616 0.6316 -0.7298
vn -0.5684 -0.3798 -0.7298
vn 0.4834 -0.4834 -0.7298
vn 0.3798 0.5684 -0.7298
vn -0.6705 0.1334 -0.7298
vn -0.2742 -0.027 -0.9613
vn -0.1965 0.6975 -0.6891
vn -0.3908 0.2712 -0.8796
vn -0.1384 -0.0136 -0.9903
vn -0.8913 0.3442 -0.2953
vn -0.9952 -0.098 -0.0001
vn 0.6917 -0.6591 -0.2952
vn 0.9569 -0.2903 0.0001
vn -0.9808 -0.1951 -0.0001
vn -0.9569 -0.2903 -0.0001
vn 0.9808 -0.1951 0.0001
vn 0.9952 -0.098 0.0001
vn -0.6917 -0.659 -0.2953
vn -0.5308 -0.2837 -0.7986
vn 0.8913 0.3442 -0.2951
vn 0.599 0.059 -0.7986
vn -0.5258 -0.3513 -0.7747
vn -0.4653 -0.3818 -0.7986
vn 0.6202 0.1234 -0.7747
vn 0.576 0.1747 -0.7986
vn -0.8736 -0.3868 -0.2953
vn -0.6344 -0.773 -0.0001
vn 0.9552 0.0231 -0.2951
vn 0.8819 0.4714 0.0001
vn -0.5556 -0.8315 -0.0001
vn -0.4714 -0.8819 -0.0001
vn -0 0.6323 -0.7747
vn -0.059 0.599 -0.7986
vn 0.8315 0.5556 0.0001
vn 0.773 0.6344 0.0001
vn -0.0231 -0.9552 -0.2952
vn -0.1747 -0.576 -0.7986
vn 0.1637 0.9413 -0.2951
vn 0.3868 0.8736 -0.2952
vn 0.3818 0.4653 -0.7986
vn -0.1234 -0.6202 -0.7747
vn -0.059 -0.599 -0.7986
vn 0.7814 0.5499 -0.2951
vn 0.4714 0.8819 0.0001
vn -0.3442 -0.8912 -0.2953
vn -0.7813 0.5498 -0.2953
vn -0.3818 0.4653 -0.7986
vn 0.3827 0.9239 0.0001
vn -0.3869 0.8736 -0.2952
vn -0.773 0.6344 -0.0001
vn -0.1637 0.9413 -0.2953
vn 0.059 0.599 -0.7986
vn 0.6591 -0.6917 -0.2951
vn 0.2837 -0.5308 -0.7986
vn -0.8315 0.5556 -0.0001
vn -0.8819 0.4714 -0.0001
vn 0.2089 -0.9323 -0.2953
vn 0.6344 -0.773 0.0001
vn -0.9551 0.0231 -0.2953
vn -0.576 0.1747 -0.7986
vn 0.7071 -0.7071 0.0001
vn 0.773 -0.6344 0.0001
vn -0.6202 0.1234 -0.7747
vn -0.599 0.059 -0.7986
vn -0.517 -0.517 0.6823
vn -0.5493 -0.4508 0.7036
vn 0.717 0.1426 0.6823
vn 0.68 0.2063 0.7036
vn -0.6733 -0.2042 0.7106
vn -0.6667 -0.1326 0.7335
vn 0.1426 0.717 0.6823
vn 0.2063 0.68 0.7036
vn 0.2798 -0.6754 0.6823
vn 0.2063 -0.68 0.7036
vn -0.4062 -0.6079 0.6823
vn -0.4508 -0.5493 0.7036
vn -0 0.7311 0.6823
vn 0.0697 0.7072 0.7036
vn 0.4062 -0.6079 0.6823
vn 0.335 -0.6267 0.7036
vn -0.2798 -0.6754 0.6823
vn -0.335 -0.6267 0.7036
vn -0.1426 0.717 0.6823
vn -0.0697 0.7072 0.7036
vn 0.517 -0.517 0.6823
vn 0.4508 -0.5493 0.7036
vn -0.1426 -0.717 0.6823
vn -0.2063 -0.68 0.7036
vn -0.2798 0.6754 0.6823
vn -0.2063 0.68 0.7036
vn 0.6079 -0.4062 0.6823
vn 0.5493 -0.4508 0.7036
vn 0 -0.7311 0.6823
vn -0.0697 -0.7072 0.7036
vn -0.4062 0.6079 0.6823
vn -0.335 0.6267 0.7036
vn 0.6754 -0.2798 0.6823
vn 0.6267 -0.335 0.7036
vn -0.517 0.517 0.6823
vn -0.4508 0.5493 0.7036
vn 0.717 -0.1426 0.6823
vn 0.68 -0.2063 0.7036
vn -0.6079 0.4062 0.6823
vn -0.5493 0.4508 0.7036
vn 0.7311 -0 0.6823
vn 0.7072 -0.0697 0.7036
vn -0.6754 0.2798 0.6823
vn -0.6267 0.335 0.7036
vn 0.7072 0.0697 0.7036
vn -0.717 0.1426 0.6823
vn -0.68 0.2063 0.7036
vn 0.6754 0.2798 0.6823
vn -0.7311 -0 0.6823
vn -0.7072 0.0697 0.7036
vn 0.6079 0.4062 0.6823
vn 0.6267 0.335 0.7036
vn -0.717 -0.1426 0.6823
vn -0.7072 -0.0697 0.7036
vn 0.517 0.517 0.6823
vn 0.5493 0.4508 0.7036
vn -0.6754 -0.2798 0.6823
vn -0.68 -0.2063 0.7036
vn 0.4062 0.6079 0.6823
vn 0.4508 0.5493 0.7036
vn -0.6079 -0.4062 0.6823
vn -0.6267 -0.335 0.7036
vn 0.2798 0.6754 0.6823
vn 0.335 0.6267 0.7036
vn 0.1426 -0.717 0.6823
vn 0.0697 -0.7072 0.7036
vn 0.2129 0.1748 -0.9613
vn 0.228 0.1524 -0.9617
vn 0.1222 0.0816 -0.9891
vn 0.1075 0.0882 -0.9903
vn -0.2636 -0.08 -0.9613
vn -0.269 -0.0535 -0.9617
vn -0.1441 -0.0287 -0.9891
vn -0.1331 -0.0404 -0.9903
vn -0.1467 0.9892 -0
vn -0.1374 0.9903 0.0204
vn -0.7727 0.6341 0.0293
vn -1 0.0001 -0.0002
vn -0.7409 0.6716 -0.0001
vn -0.7478 0.6636 0.0193
vn -1 0.0006 -0.0022
vn -0.4714 0.8819 -0.0001
vn -0.3827 0.9239 -0.0001
vn -0.3815 0.9208 -0.0811
vn -0.4698 0.879 -0.0814
vn 0.027 -0.2742 -0.9613
vn 0 -0.2743 -0.9617
vn 0 -0.1469 -0.9891
vn 0.0136 -0.1384 -0.9903
vn -0.6344 0.773 -0.0001
vn -0.7071 0.7071 -0.0001
vn -0.7067 0.7069 0.0296
vn -0.6341 0.7727 0.0297
vn 0.08 0.2636 -0.9613
vn 0.7197 -0.0854 -0.6891
vn 0.4002 0.2573 -0.8796
vn 0.0404 0.1331 -0.9903
vn 0.8315 -0.5555 0.0002
vn 0.243 -0.97 0
vn 0.2521 -0.9675 0.0206
vn 0.8317 -0.5552 0.0016
vn -0.1748 -0.2129 -0.9613
vn -0.6321 0.3542 -0.6892
vn -0.4681 -0.0845 -0.8796
vn -0.0882 -0.1075 -0.9903
vn 0.027 0.2742 -0.9613
vn 0.0535 0.269 -0.9617
vn 0.0287 0.1441 -0.9891
vn 0.0136 0.1384 -0.9903
vn 0.5141 0.8577 0.0001
vn 0.4926 0.8682 -0.0596
vn -0.2893 0.9538 -0.081
vn 0.773 0.6344 0.0002
vn 0.8315 0.5556 0.0002
vn 0.8289 0.5539 -0.0786
vn 0.7706 0.6324 -0.0787
vn 0.8819 0.4714 0.0002
vn 0.9415 -0.3369 0.0002
vn 0.9473 -0.3149 -0.059
vn 0.8792 0.4699 -0.0785
vn 0.1748 -0.2129 -0.9613
vn -0.4707 -0.5509 -0.6892
vn -0.0085 -0.4756 -0.8796
vn 0.0882 -0.1075 -0.9903
vn 0.4276 0.904 0.0001
vn 0.4362 0.8996 0.0216
vn -0.2902 0.9565 0.0305
vn -0.1949 0.9803 0.0308
vn -0.098 0.9947 0.0309
vn 0.049 0.9988 0
vn 0.0708 0.9957 -0.0606
vn -0.7074 0.7068 -0.0013
vn -0.027 -0.2742 -0.9613
vn -0.7224 -0.0567 -0.6892
vn -0.3423 -0.3303 -0.8796
vn -0.0136 -0.1384 -0.9903
vn -0.1299 0.2429 -0.9613
vn 0.5693 0.4485 -0.689
vn 0.1011 0.4649 -0.8796
vn -0.0656 0.1227 -0.9903
vn 0.9808 0.1952 0.0002
vn 0.8577 -0.5141 0.0002
vn 0.8626 -0.5055 0.0221
vn 0.9807 0.1957 0.0022
vn 0.9952 -0.098 0.0002
vn 0.9808 -0.1951 0.0002
vn 0.9778 -0.1945 -0.0785
vn 0.9921 -0.0977 -0.0784
vn 0.2636 -0.08 -0.9613
vn -0.0853 -0.7196 -0.6892
vn 0.2572 -0.4002 -0.8796
vn 0.1331 -0.0404 -0.9903
vn 0.9569 -0.2903 0.0002
vn 0.4275 -0.904 0.0001
vn 0.4465 -0.8928 -0.0603
vn 0.954 -0.2894 -0.0786
vn 0.2742 -0.027 -0.9613
vn 0.269 -0.0535 -0.9617
vn 0.1441 -0.0287 -0.9891
vn 0.1384 -0.0136 -0.9903
vn -0.2429 0.1299 -0.9613
vn 0.2241 0.6892 -0.6891
vn -0.1743 0.4427 -0.8796
vn -0.1227 0.0656 -0.9903
vn 0.9416 0.3369 0.0002
vn 0.9447 0.3271 0.0225
vn 0.4712 0.8815 0.0321
vn 0.9239 -0.3827 0.0002
vn 0.3369 -0.9416 0
vn 0.3136 -0.9476 -0.0606
vn 0.9237 -0.3832 0.0019
vn 0.6344 0.773 0.0002
vn 0.5556 0.8315 0.0001
vn 0.5554 0.831 0.0324
vn 0.6341 0.7726 0.0324
vn 0.7048 -0.705 -0.0793
vn 0.7706 -0.6324 -0.0791
vn 0.2429 0.1299 -0.9613
vn 0.4485 -0.5692 -0.6891
vn 0.4649 -0.1011 -0.8796
vn 0.1227 0.0656 -0.9903
vn -0.2786 -0.6725 -0.6857
vn 0.2785 0.6725 -0.6857
vn -0.6725 0.2786 -0.6857
vn 0.9829 -0.0968 -0.1566
vn 0.9685 -0.1927 -0.1575
vn 0.5582 -0.111 -0.8223
vn 0.5347 -0.0527 -0.8434
vn 0.9451 -0.2867 -0.1569
vn 0.4181 -0.9007 -0.1183
vn 0.2284 -0.6897 -0.6871
vn 0.514 -0.1559 -0.8435
vn 0.383 -0.9238 0.001
vn -0.3358 -0.9411 0.0396
vn -0.3442 -0.8131 -0.4695
vn 0.0977 -0.7356 -0.6704
vn 0.7633 -0.6264 -0.1579
vn 0.6981 -0.6981 -0.1589
vn 0.4021 -0.4019 -0.8227
vn 0.4149 -0.3405 -0.8437
vn -0.7066 0.7076 -0.0025
vn -0.0496 0.9979 0.042
vn 0.0097 0.8835 -0.4684
vn -0.3706 0.6415 -0.6716
vn 0.6264 -0.7632 -0.1585
vn -0.1531 -0.9808 -0.1208
vn -0.1933 -0.6996 -0.6879
vn 0.3403 -0.4147 -0.8439
vn 0.0002 1 0.0006
vn 0.7314 0.672 -0.1161
vn 0.4752 0.5506 -0.6863
vn -0.1912 0.7168 -0.6705
vn 0.3824 -0.924 0.001
vn -0.4177 -0.9004 -0.1219
vn -0.2252 -0.69 -0.6879
vn 0.451 -0.5892 -0.6704
vn 0.2865 -0.9446 -0.1601
vn 0.1925 -0.968 -0.1612
vn 0.1109 -0.5566 -0.8234
vn 0.1555 -0.5127 -0.8443
vn -0.2898 -0.9552 0.0598
vn -0.8572 -0.5135 0.0377
vn -0.7288 -0.4978 -0.4702
vn -0.2369 -0.7811 -0.5777
vn 0.0967 -0.9822 -0.1609
vn -0.6722 -0.7301 -0.1228
vn -0.5494 -0.4735 -0.6885
vn 0.0525 -0.5329 -0.8446
vn -0.4706 -0.8804 0.0591
vn -0.382 -0.9222 0.0597
vn -0.307 -0.7408 -0.5974
vn -0.3847 -0.7197 -0.578
vn -0.4651 -0.8701 -0.1632
vn -0.548 -0.8202 -0.1643
vn -0.3145 -0.4709 -0.8242
vn -0.252 -0.4714 -0.8452
vn -0.7717 -0.6333 0.058
vn -0.9981 0.0494 0.0374
vn -0.8824 -0.0081 -0.4704
vn -0.6305 -0.5175 -0.5785
vn -0.3832 -0.9236 -0.0021
vn -0.9032 -0.4277 0.0375
vn -0.8183 -0.3303 -0.4703
vn -0.4509 -0.588 -0.6715
vn -0.6258 -0.7626 -0.1638
vn -0.9915 -0.0409 -0.1237
vn -0.723 0.055 -0.6886
vn -0.3389 -0.413 -0.8453
vn -0.8805 -0.4706 0.0576
vn -0.8301 -0.5546 0.0581
vn -0.6664 -0.4452 -0.5981
vn -0.7193 -0.3845 -0.5786
vn -0.0002 1 0.0006
vn 0.6701 0.7409 0.0448
vn 0.6314 0.6189 -0.4672
vn 0.1912 0.7168 -0.6705
vn 0.97 0.243 0.0002
vn 0.9624 0.2651 -0.0588
vn 0.4699 0.8791 -0.0793
vn -0.8314 -0.5556 -0.0002
vn -0.97 0.243 -0.0002
vn -0.9625 0.2639 -0.0631
vn -0.8312 -0.556 -0.002
vn 0.2903 0.9569 0.0001
vn 0.3814 0.921 -0.0795
vn 0.2894 0.9539 -0.0797
vn -0.0491 0.9988 0
vn -0.0729 0.9955 -0.0608
vn -0.7704 0.6323 -0.0821
vn -0.9569 0.2903 -0.0002
vn -0.9808 0.1951 -0.0002
vn -0.9804 0.195 0.0288
vn -0.9565 0.2902 0.0288
vn -0.8819 0.4714 -0.0002
vn -0.8315 0.5556 -0.0002
vn -0.8287 0.5536 -0.0822
vn -0.8789 0.4698 -0.0824
vn -0.9952 0.098 -0.0002
vn -0.6716 0.741 -0.0001
vn -0.6644 0.7471 0.0193
vn -0.9948 0.098 0.0286
vn 0.7071 0.7071 0.0002
vn 0.9988 0.0491 0.0002
vn 0.998 0.0594 0.0226
vn 0.7068 0.7075 0.0018
vn -0.9808 0.195 -0.0002
vn -0.5141 0.8577 -0.0001
vn -0.4944 0.867 -0.0619
vn -0.9809 0.1945 -0.0021
vn -0.9952 -0.098 -0.0002
vn -0.741 0.6716 -0.0001
vn -0.755 0.6527 -0.0625
vn -0.9918 -0.0977 -0.0828
vn 0.9239 0.3826 0.0002
vn 0.904 -0.4276 0.0002
vn 0.892 -0.4481 -0.0591
vn 0.9241 0.3821 0.0021
vn -0.8819 -0.4714 -0.0002
vn -0.8315 -0.5556 -0.0002
vn -0.8311 -0.5554 0.0289
vn -0.8816 -0.4712 0.0287
vn -0.9569 -0.2903 -0.0002
vn -0.9808 -0.1951 -0.0002
vn -0.9774 -0.1944 -0.0828
vn -0.9537 -0.2893 -0.0828
vn -0.773 -0.6344 -0.0002
vn -0.9988 0.049 -0.0002
vn -0.9981 0.0588 0.0185
vn -0.7727 -0.6341 0.0289
vn 0.3827 -0.9239 0.0001
vn 0.3826 -0.9234 0.0314
vn 0.2901 -0.9565 0.0311
vn -0.8315 -0.5555 -0.0002
vn -0.9892 0.1468 -0.0002
vn -0.9904 0.1367 0.0186
vn -0.8318 -0.5551 -0.002
vn 0.4714 -0.8819 0.0001
vn -0.243 -0.97 -0.0001
vn -0.2533 -0.9672 0.0198
vn 0.4712 -0.8815 0.0316
vn -0.3827 -0.9239 -0.0001
vn -0.9415 -0.3369 -0.0002
vn -0.9471 -0.3147 -0.0632
vn -0.3824 -0.924 -0.0011
vn -0.3824 -0.9235 0.0298
vn -0.4712 -0.8815 0.0295
vn -0.6344 -0.773 -0.0002
vn -0.9988 -0.049 -0.0002
vn -0.9954 -0.0715 -0.0633
vn -0.6322 -0.7704 -0.0823
vn -0.2903 -0.9569 -0.0001
vn -0.8577 -0.5141 -0.0002
vn -0.8628 -0.5052 0.0186
vn -0.2902 -0.9565 0.0299
vn 0.8315 -0.5556 0.0002
vn 0.8311 -0.5552 0.0325
vn 0.7726 -0.6341 0.0323
vn -0.5538 -0.8286 -0.0821
vn -0.4698 -0.879 -0.0819
vn 0.8819 -0.4714 0.0002
vn 0.3369 -0.9415 0
vn 0.3265 -0.9449 0.021
vn 0.8815 -0.4711 0.0326
vn 0.5556 0.8314 0.0001
vn 0.9892 0.1467 0.0002
vn 0.9906 0.1235 -0.0587
vn 0.5559 0.8312 0.0015
vn 0.741 0.6716 0.0002
vn 0.7546 0.6536 -0.0591
vn 0.0001 1 0.0003
vn 0.6716 0.741 0.0002
vn 0.6634 0.748 0.0222
vn -0.0001 1 0.0003
vn -0.6716 -0.7409 -0.0002
vn -0.6539 -0.754 -0.0628
vn 0.0977 -0.9919 -0.0807
vn -0.904 -0.4275 -0.0002
vn -0.8996 -0.4362 0.0185
vn -0.383 -0.9238 -0.0011
vn 0.9952 0.098 0.0002
vn 0.9808 0.1951 0.0002
vn 0.9802 0.195 0.0331
vn 0.9946 0.098 0.033
vn 0.1943 -0.9776 -0.0805
vn 0.2893 -0.9539 -0.0803
vn -0.049 0.9988 0
vn -0.0599 0.998 0.0208
vn -0.7068 0.7074 -0.0013
vn 0.9569 0.2903 0.0002
vn 0.8991 -0.4371 0.0223
vn 0.9564 0.2901 0.033
vn -0.3369 -0.9415 -0.0001
vn -0.3279 -0.9445 0.0195
vn 0.3828 -0.9238 0.0005
vn -0.1468 -0.9892 -0.0001
vn -0.125 -0.9902 -0.0617
vn 0.6324 -0.7706 -0.0795
vn -0.4276 -0.904 -0.0001
vn -0.4479 -0.8919 -0.0623
vn 0.3825 -0.9239 0.0005
vn 0.1748 0.2129 -0.9613
vn 0.5187 0.632 -0.5757
vn -0.2429 -0.1299 -0.9613
vn 0.1299 0.2429 -0.9613
vn 0.1524 0.228 -0.9617
vn 0.4462 0.6681 -0.5954
vn 0.3854 0.7209 -0.576
vn -0.2129 -0.1748 -0.9613
vn -0.228 -0.1524 -0.9617
vn 0.08 -0.2636 -0.9613
vn 0.7415 -0.0471 -0.6693
vn 0.7313 -0.4969 -0.4672
vn 0.2371 -0.7818 -0.5767
vn 0.1299 -0.2429 -0.9613
vn 0.105 -0.2534 -0.9617
vn 0.3071 -0.7418 -0.5962
vn 0.3852 -0.7207 -0.5764
vn -0.1299 -0.2429 -0.9613
vn 0.4907 -0.5575 -0.6696
vn 0.1659 -0.8678 -0.4685
vn -0.027 0.2742 -0.9613
vn -0.7151 0.1917 -0.6722
vn -0.6175 0.631 -0.4697
vn -0.0801 0.8129 -0.5769
vn -0.08 -0.2636 -0.9613
vn -0.105 -0.2534 -0.9617
vn -0.08 0.2636 -0.9613
vn -0.0535 0.269 -0.9617
vn -0.1567 0.787 -0.5967
vn -0.237 0.7814 -0.5773
vn 0.2129 -0.1748 -0.9613
vn 0.6426 0.3725 -0.6696
vn 0.8843 -0.0077 -0.4668
vn 0.632 -0.5187 -0.5758
vn 0.2429 -0.1299 -0.9613
vn 0.228 -0.1524 -0.9617
vn 0.668 -0.4465 -0.5953
vn 0.7212 -0.3855 -0.5756
vn -0.1748 0.2129 -0.9613
vn -0.7012 -0.238 -0.6721
vn -0.8638 0.1809 -0.4703
vn -0.5177 0.6309 -0.5779
vn -0.2129 0.1748 -0.9613
vn -0.1939 0.1939 -0.9617
vn -0.567 0.5669 -0.5976
vn -0.6307 0.5176 -0.5782
vn 0.2742 0.027 -0.9613
vn 0.814 0.0802 -0.5753
vn -0.2636 0.08 -0.9613
vn -0.7805 0.2368 -0.5786
vn 0.2636 0.08 -0.9613
vn 0.269 0.0535 -0.9617
vn 0.7884 0.1568 -0.5949
vn 0.7827 0.2374 -0.5753
vn -0.2742 0.027 -0.9613
vn -0.269 0.0535 -0.9617
vn -0.786 0.1563 -0.5982
vn -0.8116 0.0799 -0.5787
vn 0.871 0.4656 -0.1568
vn 0.9329 -0.3409 -0.1158
vn 0.6497 -0.327 -0.6862
vn 0.4738 0.2533 -0.8434
vn 0.9235 -0.3836 0.0036
vn 0.341 -0.9325 -0.1187
vn 0.3291 -0.648 -0.6868
vn 0.7363 -0.0983 -0.6695
vn 0.7634 0.6265 -0.1571
vn 0.8211 0.5486 -0.1577
vn 0.4732 0.316 -0.8223
vn 0.4152 0.3407 -0.8435
vn 0.9805 0.1963 0.0042
vn 0.8576 -0.5123 0.0448
vn 0.4655 0.8708 -0.1582
vn 0.9651 0.2351 -0.1154
vn 0.7223 0.0882 -0.686
vn 0.253 0.4732 -0.8438
vn -0.7076 0.7066 -0.0025
vn 0.0415 0.9921 -0.1188
vn -0.0529 0.7245 -0.6872
vn -0.6415 0.3706 -0.6716
vn 0.2866 0.9448 -0.1589
vn 0.3778 0.9121 -0.1593
vn 0.2177 0.525 -0.8228
vn 0.1557 0.5132 -0.844
vn 0.2897 -0.9551 0.0622
vn 0.3819 -0.922 0.0629
vn 0.832 -0.5548 0.0031
vn 0.244 -0.9689 0.042
vn 0.4705 -0.8802 0.063
vn -0.2431 -0.9692 0.04
vn -0.1628 -0.868 -0.4692
vn -1 0.0012 -0.0041
vn -0.7406 0.6708 0.0389
vn 0.7714 -0.6331 0.0644
vn 0.8297 -0.5544 0.065
vn -0.8309 -0.5565 -0.0038
vn -0.9645 0.2335 -0.1235
vn -0.7198 0.0879 -0.6886
vn -0.4882 -0.5567 -0.6721
vn 0.8801 -0.4704 0.065
vn 0.336 -0.9409 0.0424
vn 0.347 -0.8126 -0.4682
vn 0.993 0.0978 0.0658
vn 0.9786 0.1947 0.0661
vn 0.9549 0.2897 0.0658
vn 0.9026 -0.4281 0.0451
vn 0.8202 -0.3303 -0.4671
vn 0.7064 0.7078 0.0033
vn 0.9977 0.0504 0.0457
vn 0.6331 0.7714 0.0647
vn 0.5544 0.8297 0.0647
vn -0.981 0.194 -0.0039
vn -0.5168 0.8475 -0.1212
vn -0.4463 0.5723 -0.688
vn -0.7388 -0.0485 -0.6722
vn 0.4704 0.8801 0.0641
vn 0.941 0.3352 0.0457
vn 0.8141 0.3453 -0.4669
vn 0.9243 0.3816 0.004
vn 0.9007 -0.4188 -0.116
vn 0.6913 -0.2267 -0.6861
vn 0.5904 0.4511 -0.6693
vn -0.0978 0.9933 0.0618
vn -0.1947 0.9789 0.0616
vn -0.2865 0.9444 -0.1613
vn 0.5162 0.8484 -0.1169
vn 0.4491 0.5721 -0.6863
vn -0.1554 0.5122 -0.8447
vn -0.2897 0.9552 0.0609
vn 0.4284 0.9025 0.0439
vn 0.3321 0.8191 -0.4677
vn -0.4652 0.8703 -0.1621
vn -0.3776 0.9116 -0.1625
vn -0.2168 0.5239 -0.8237
vn -0.2522 0.4718 -0.8449
vn -0.8321 -0.5547 -0.0038
vn -0.9885 0.1464 0.0375
vn -0.6333 0.7716 0.0594
vn -0.7059 0.7059 0.0593
vn -0.7626 0.6259 -0.1635
vn -0.0418 0.992 -0.1192
vn 0.0561 0.7245 -0.687
vn -0.413 0.339 -0.8453
vn -0.3821 -0.9241 -0.0021
vn -0.9317 -0.3416 -0.1237
vn -0.6469 -0.3276 -0.6886
vn -0.097 -0.7346 -0.6715
vn -0.7717 0.6333 0.0587
vn -0.1454 0.9885 0.0415
vn -0.1788 0.8651 -0.4687
vn -0.87 0.465 -0.1641
vn -0.8201 0.548 -0.1646
vn -0.4706 0.3146 -0.8243
vn -0.471 0.2518 -0.8454
vn -0.9553 0.2898 0.0578
vn -0.9791 0.1948 0.0579
vn -0.9816 -0.0967 -0.1649
vn -0.7304 0.672 -0.1222
vn -0.4721 0.5512 -0.688
vn -0.5312 -0.0523 -0.8456
vn 0.5562 0.831 0.0028
vn 0.9816 0.1522 -0.1154
vn 0.7011 0.1947 -0.686
vn 0.2399 0.7028 -0.6698
vn -0.9935 0.0979 0.0575
vn -0.6704 0.7409 0.0392
vn -0.6292 0.6193 -0.4696
vn -0.9438 -0.2863 -0.1648
vn -0.9672 -0.1924 -0.1656
vn -0.5548 -0.1104 -0.8246
vn -0.5108 -0.1549 -0.8456
vn 0.6725 -0.2785 -0.6857
vn 0.0854 -0.7196 -0.6891
vn -0.2573 -0.4001 -0.8796
vn 0.714 0.142 -0.6856
vn 0.6767 0.2053 -0.707
vn -0.3542 0.6321 -0.6892
vn 0.0845 0.4682 -0.8796
vn 0.3908 0.2713 -0.8796
vn 0.7038 0.0693 -0.707
vn -0.4485 -0.5692 -0.6892
vn -0.4648 -0.101 -0.8796
vn 0.1965 0.6975 -0.6891
vn 0.6053 -0.4044 -0.6856
vn 0.6237 -0.3334 -0.707
vn 0.4682 -0.0845 -0.8796
vn -0.2785 -0.6724 -0.6857
vn -0.2053 -0.6766 -0.7071
vn 0.0084 -0.4756 -0.8796
vn -0.3333 -0.6236 -0.7072
vn -0.6891 -0.224 -0.6892
vn -0.4426 0.1742 -0.8796
vn 0.3423 -0.3304 -0.8796
vn -0.6052 -0.4044 -0.6858
vn -0.5466 -0.4485 -0.7072
vn -0.6235 -0.3333 -0.7072
vn 0.6322 0.3543 -0.6891
vn -0.7138 0.142 -0.6858
vn -0.7036 0.0693 -0.7072
vn -0.6766 0.2052 -0.7072
vn -0.2053 0.6766 -0.7071
vn -0.2713 0.3908 -0.8796
vn 0.3333 0.6237 -0.7071
vn 0.4044 0.6053 -0.6856
vn 0.7225 -0.0566 -0.689
vn -0.6974 0.1965 -0.6892
vn 0.4708 -0.5509 -0.6891
vn -0.5466 0.4486 -0.7072
vn -0 0.6797 0.7335
vn -0.069 0.7002 0.7106
vn -0.0693 0.7037 0.7071
vn -0 0.7279 0.6857
vn 0.1326 0.6667 0.7335
vn 0.2042 0.6733 0.7106
vn -0.5652 0.3776 0.7335
vn -0.5439 0.4463 0.7106
vn -0.6205 -0.3317 0.7106
vn -0.628 -0.2601 0.7335
vn 0.069 0.7002 0.7106
vn -0.628 0.2601 0.7335
vn -0.6205 0.3317 0.7106
vn -0.5439 -0.4463 0.7106
vn -0.5652 -0.3776 0.7335
vn -0.6667 0.1326 0.7335
vn -0.6733 0.2042 0.7106
vn -0.4463 -0.5439 0.7106
vn -0.4806 -0.4806 0.7335
vn -0.6797 -0 0.7335
vn -0.7002 0.069 0.7106
vn -0.3317 -0.6205 0.7106
vn -0.3776 -0.5652 0.7335
vn -0.7002 -0.069 0.7106
vn -0.2042 -0.6733 0.7106
vn -0.2601 -0.628 0.7335
vn -0.069 -0.7002 0.7106
vn -0.1326 -0.6667 0.7335
vn 0.069 -0.7002 0.7106
vn 0 -0.6797 0.7335
vn 0.2042 -0.6733 0.7106
vn 0.1326 -0.6667 0.7335
vn 0.3317 -0.6205 0.7106
vn 0.2601 -0.628 0.7335
vn 0.4463 -0.5439 0.7106
vn 0.3776 -0.5652 0.7335
vn 0.5439 -0.4463 0.7106
vn 0.4806 -0.4806 0.7335
vn 0.6205 -0.3317 0.7106
vn 0.5652 -0.3776 0.7335
vn 0.6733 -0.2042 0.7106
vn 0.628 -0.2601 0.7335
vn 0.7002 -0.069 0.7106
vn 0.6667 -0.1326 0.7335
vn 0.7002 0.069 0.7106
vn 0.6797 0 0.7335
vn 0.6733 0.2042 0.7106
vn 0.6667 0.1326 0.7335
vn 0.6205 0.3317 0.7106
vn 0.628 0.2601 0.7335
vn 0.5439 0.4463 0.7106
vn 0.5652 0.3776 0.7335
vn -0.2042 0.6733 0.7106
vn -0.1326 0.6667 0.7335
vn 0.4463 0.5439 0.7106
vn 0.4806 0.4806 0.7335
vn -0.3317 0.6205 0.7106
vn -0.2601 0.628 0.7335
vn 0.3317 0.6205 0.7106
vn 0.3776 0.5652 0.7335
vn -0.4463 0.5439 0.7106
vn -0.3776 0.5652 0.7335
vn 0.2601 0.628 0.7335
vn -0.4806 0.4806 0.7335
vn -0.142 0.7139 0.6857
vn -0.2053 0.6767 0.7071
vn -0.2786 0.6725 0.6857
vn -0.3333 0.6236 0.7071
vn -0.4044 0.6052 0.6857
vn -0.4486 0.5466 0.7071
vn -0.5147 0.5147 0.6857
vn -0.5466 0.4486 0.7071
vn -0.6052 0.4044 0.6857
vn -0.6236 0.3333 0.7071
vn -0.6725 0.2786 0.6857
vn -0.6767 0.2053 0.7071
vn -0.7139 0.142 0.6857
vn -0.7037 0.0693 0.7071
vn -0.7279 -0 0.6857
vn -0.7037 -0.0693 0.7071
vn -0.7139 -0.142 0.6857
vn -0.6767 -0.2053 0.7071
vn -0.6725 -0.2786 0.6857
vn -0.6236 -0.3333 0.7071
vn -0.6052 -0.4044 0.6857
vn -0.5466 -0.4486 0.7071
vn -0.5147 -0.5147 0.6857
vn -0.4486 -0.5466 0.7071
vn -0.4044 -0.6052 0.6857
vn -0.3333 -0.6236 0.7071
vn -0.2786 -0.6725 0.6857
vn -0.2053 -0.6767 0.7071
vn -0.142 -0.7139 0.6857
vn -0.0693 -0.7037 0.7071
vn 0 -0.7279 0.6857
vn 0.0693 -0.7037 0.7071
vn 0.142 -0.7139 0.6857
vn 0.2053 -0.6767 0.7071
vn 0.2786 -0.6725 0.6857
vn 0.3333 -0.6236 0.7071
vn 0.4044 -0.6052 0.6857
vn 0.4486 -0.5466 0.7071
vn 0.5147 -0.5147 0.6857
vn 0.5466 -0.4486 0.7071
vn 0.6052 -0.4044 0.6857
vn 0.6236 -0.3333 0.7071
vn 0.6725 -0.2786 0.6857
vn 0.6767 -0.2053 0.7071
vn 0.7139 -0.142 0.6857
vn 0.7037 -0.0693 0.7071
vn 0.7279 0 0.6857
vn 0.7037 0.0693 0.7071
vn 0.7139 0.142 0.6857
vn 0.6767 0.2053 0.7071
vn 0.6725 0.2786 0.6857
vn 0.6236 0.3333 0.7071
vn 0.6052 0.4044 0.6857
vn 0.5466 0.4486 0.7071
vn 0.5147 0.5147 0.6857
vn 0.4486 0.5466 0.7071
vn 0.4044 0.6052 0.6857
vn 0.3333 0.6236 0.7071
vn 0.2785 0.6725 0.6857
vn 0.2053 0.6767 0.7071
vn 0.142 0.7139 0.6857
vn 0.0693 0.7037 0.7071
curmat=0
numvertex :2160 936 2098 1
3.....
